0.584,0.151,0.108,0.015,0.074,0.068
0.133,0.201,0.156,0.117,0.173,0.219
0.200,0.177,0.140,0.112,0.225,0.146
0.213,0.185,0.096,0.215,0.100,0.192
0.209,0.159,0.129,0.160,0.220,0.122
0.131,0.223,0.109,0.164,0.220,0.154
0.157,0.184,0.164,0.204,0.121,0.170
0.174,0.203,0.123,0.117,0.113,0.270
0.215,0.216,0.145,0.114,0.123,0.187
0.116,0.218,0.230,0.161,0.141,0.134
0.160,0.214,0.127,0.166,0.207,0.126
0.157,0.171,0.206,0.147,0.137,0.182
0.200,0.118,0.184,0.100,0.200,0.199
0.141,0.133,0.173,0.189,0.111,0.254
0.141,0.169,0.134,0.256,0.165,0.134
0.207,0.187,0.161,0.179,0.161,0.105
0.181,0.159,0.202,0.115,0.178,0.164
0.195,0.197,0.112,0.169,0.123,0.204
0.170,0.190,0.172,0.169,0.193,0.107
0.103,0.126,0.247,0.150,0.221,0.153
0.168,0.252,0.141,0.139,0.166,0.134
0.191,0.178,0.177,0.150,0.145,0.159
0.173,0.135,0.291,0.132,0.125,0.144
0.169,0.110,0.114,0.240,0.218,0.150
0.163,0.108,0.167,0.197,0.137,0.228
0.134,0.237,0.254,0.112,0.130,0.132
0.186,0.173,0.146,0.096,0.231,0.167
0.146,0.101,0.240,0.190,0.160,0.162
0.162,0.157,0.176,0.203,0.097,0.207
0.128,0.193,0.098,0.100,0.241,0.241
0.222,0.183,0.119,0.114,0.156,0.206
0.206,0.116,0.291,0.118,0.124,0.146
0.187,0.218,0.093,0.184,0.101,0.217
0.256,0.159,0.177,0.163,0.126,0.119
0.161,0.162,0.165,0.196,0.130,0.187
0.088,0.090,0.189,0.226,0.217,0.190
0.131,0.121,0.206,0.176,0.162,0.204
0.133,0.112,0.156,0.242,0.128,0.229
0.210,0.141,0.195,0.131,0.135,0.188
0.186,0.112,0.242,0.256,0.102,0.102
0.244,0.135,0.203,0.181,0.121,0.116
0.220,0.158,0.208,0.115,0.124,0.175
0.221,0.108,0.125,0.144,0.136,0.265
0.134,0.211,0.170,0.213,0.089,0.183
0.168,0.148,0.150,0.179,0.231,0.125
0.153,0.199,0.112,0.233,0.109,0.193
0.156,0.105,0.130,0.220,0.200,0.188
0.139,0.133,0.121,0.284,0.191,0.132
0.141,0.168,0.189,0.181,0.149,0.172
0.125,0.144,0.227,0.204,0.195,0.105
0.195,0.139,0.128,0.213,0.151,0.175
0.216,0.188,0.154,0.129,0.162,0.150
0.115,0.108,0.173,0.279,0.176,0.149
0.159,0.135,0.186,0.140,0.196,0.183
0.134,0.161,0.154,0.167,0.223,0.161
0.161,0.178,0.106,0.231,0.098,0.226
0.227,0.168,0.105,0.224,0.130,0.145
0.149,0.179,0.235,0.097,0.140,0.200
0.164,0.224,0.155,0.222,0.090,0.145
0.108,0.176,0.189,0.157,0.245,0.126
0.166,0.131,0.132,0.237,0.146,0.188
0.112,0.242,0.174,0.222,0.142,0.109
0.181,0.261,0.117,0.192,0.112,0.136
0.185,0.142,0.200,0.110,0.188,0.174
0.160,0.159,0.219,0.138,0.148,0.175
0.177,0.258,0.137,0.180,0.101,0.146
0.130,0.155,0.224,0.248,0.118,0.125
0.155,0.164,0.132,0.170,0.154,0.224
0.137,0.205,0.154,0.190,0.132,0.182
0.186,0.144,0.150,0.144,0.235,0.141
0.099,0.237,0.162,0.249,0.117,0.135
0.207,0.132,0.197,0.162,0.160,0.142
0.206,0.174,0.120,0.328,0.078,0.095
0.137,0.142,0.227,0.146,0.217,0.132
0.118,0.195,0.133,0.150,0.172,0.233
0.216,0.250,0.100,0.159,0.172,0.103
0.131,0.233,0.144,0.100,0.213,0.179
0.151,0.103,0.214,0.187,0.216,0.129
0.174,0.103,0.160,0.265,0.154,0.143
0.197,0.209,0.172,0.145,0.166,0.111
0.222,0.182,0.188,0.095,0.137,0.176
0.237,0.206,0.157,0.094,0.111,0.196
0.224,0.125,0.230,0.149,0.135,0.137
0.129,0.114,0.152,0.197,0.210,0.198
0.131,0.252,0.240,0.148,0.124,0.106
0.101,0.176,0.153,0.171,0.220,0.178
0.185,0.175,0.176,0.138,0.176,0.151
0.198,0.118,0.122,0.193,0.217,0.152
0.145,0.196,0.181,0.170,0.093,0.215
0.227,0.198,0.156,0.175,0.112,0.132
0.157,0.161,0.155,0.127,0.271,0.129
0.103,0.122,0.140,0.136,0.234,0.265
0.129,0.273,0.184,0.145,0.126,0.143
0.104,0.242,0.130,0.122,0.231,0.172
0.182,0.212,0.103,0.226,0.142,0.134
0.121,0.207,0.264,0.116,0.165,0.128
0.091,0.164,0.213,0.233,0.118,0.180
0.113,0.166,0.201,0.136,0.185,0.199
0.171,0.150,0.154,0.137,0.148,0.241
0.148,0.251,0.118,0.246,0.100,0.137
0.135,0.212,0.228,0.126,0.161,0.137
0.229,0.147,0.104,0.122,0.271,0.128
0.128,0.146,0.131,0.237,0.209,0.148
0.143,0.223,0.199,0.158,0.148,0.129
0.136,0.157,0.144,0.192,0.202,0.170
0.133,0.121,0.297,0.173,0.150,0.125
0.149,0.119,0.177,0.159,0.262,0.134
0.170,0.224,0.134,0.162,0.180,0.129
0.278,0.156,0.141,0.189,0.118,0.118
0.171,0.134,0.168,0.237,0.106,0.185
0.112,0.215,0.226,0.171,0.186,0.090
0.104,0.228,0.194,0.161,0.125,0.187
0.284,0.116,0.115,0.115,0.257,0.113
0.155,0.177,0.219,0.142,0.155,0.152
0.132,0.152,0.242,0.117,0.235,0.122
0.207,0.196,0.170,0.106,0.162,0.159
0.196,0.132,0.177,0.160,0.120,0.214
0.171,0.139,0.157,0.113,0.166,0.254
0.113,0.118,0.201,0.189,0.265,0.115
0.197,0.179,0.116,0.151,0.153,0.205
0.258,0.165,0.220,0.109,0.135,0.113
0.228,0.184,0.112,0.114,0.154,0.208
0.120,0.185,0.189,0.216,0.187,0.104
0.146,0.106,0.142,0.222,0.124,0.261
0.251,0.096,0.141,0.207,0.104,0.201
0.147,0.133,0.242,0.104,0.169,0.205
0.202,0.139,0.138,0.238,0.168,0.113
0.157,0.194,0.107,0.163,0.180,0.199
0.149,0.131,0.222,0.111,0.186,0.201
0.227,0.159,0.245,0.128,0.121,0.120
0.220,0.112,0.171,0.157,0.117,0.223
0.228,0.118,0.156,0.207,0.104,0.186
0.217,0.202,0.216,0.118,0.149,0.098
0.201,0.129,0.111,0.190,0.210,0.160
0.150,0.142,0.192,0.137,0.220,0.158
0.188,0.152,0.161,0.120,0.125,0.253
0.202,0.165,0.096,0.209,0.147,0.182
0.141,0.193,0.207,0.101,0.136,0.221
0.152,0.142,0.170,0.244,0.141,0.150
0.207,0.178,0.136,0.140,0.108,0.230
0.237,0.164,0.150,0.144,0.170,0.135
0.197,0.202,0.071,0.380,0.066,0.083
0.175,0.230,0.052,0.384,0.099,0.059
0.174,0.154,0.119,0.143,0.150,0.259
0.192,0.217,0.114,0.200,0.127,0.150
0.165,0.158,0.154,0.159,0.157,0.207
0.130,0.187,0.146,0.160,0.149,0.228
0.140,0.203,0.209,0.133,0.108,0.207
0.122,0.160,0.174,0.228,0.158,0.159
0.123,0.223,0.208,0.148,0.198,0.101
0.168,0.134,0.168,0.187,0.217,0.125
0.174,0.304,0.095,0.283,0.066,0.078
0.127,0.124,0.149,0.180,0.189,0.231
0.246,0.112,0.277,0.111,0.138,0.116
0.162,0.149,0.147,0.164,0.153,0.225
0.184,0.104,0.215,0.131,0.249,0.116
0.158,0.225,0.118,0.167,0.234,0.098
0.204,0.128,0.132,0.133,0.183,0.220
0.200,0.138,0.126,0.259,0.124,0.153
0.175,0.193,0.234,0.102,0.173,0.124
0.120,0.167,0.150,0.259,0.166,0.137
0.105,0.135,0.144,0.234,0.124,0.258
0.138,0.132,0.253,0.166,0.134,0.177
0.152,0.160,0.244,0.202,0.140,0.102
0.162,0.126,0.262,0.184,0.132,0.133
0.143,0.149,0.167,0.227,0.108,0.206
0.119,0.209,0.121,0.216,0.119,0.215
0.172,0.187,0.193,0.177,0.091,0.180
0.236,0.190,0.120,0.152,0.180,0.121
0.201,0.121,0.269,0.122,0.143,0.143
0.234,0.212,0.151,0.140,0.142,0.121
0.196,0.096,0.228,0.177,0.174,0.128
0.151,0.187,0.166,0.127,0.188,0.182
0.224,0.095,0.228,0.106,0.155,0.193
0.230,0.147,0.112,0.237,0.128,0.146
0.106,0.195,0.224,0.110,0.165,0.200
0.106,0.102,0.112,0.264,0.210,0.205
0.096,0.253,0.048,0.438,0.062,0.103
0.107,0.251,0.156,0.252,0.132,0.103
0.142,0.231,0.225,0.157,0.099,0.147
0.139,0.206,0.108,0.209,0.110,0.229
0.162,0.217,0.067,0.336,0.064,0.154
0.154,0.182,0.127,0.240,0.122,0.175
0.184,0.187,0.213,0.140,0.153,0.124
0.122,0.279,0.111,0.325,0.107,0.055
0.126,0.226,0.073,0.447,0.078,0.050
0.091,0.284,0.037,0.471,0.079,0.038
0.225,0.342,0.032,0.220,0.077,0.104
0.151,0.116,0.213,0.165,0.147,0.207
0.108,0.166,0.194,0.210,0.129,0.193
0.138,0.117,0.168,0.152,0.245,0.179
0.127,0.138,0.173,0.252,0.154,0.156
0.199,0.181,0.141,0.217,0.126,0.137
0.187,0.157,0.130,0.244,0.128,0.154
0.213,0.203,0.086,0.190,0.103,0.204
0.167,0.192,0.099,0.243,0.114,0.185
0.134,0.203,0.088,0.312,0.113,0.151
0.153,0.200,0.058,0.448,0.059,0.081
0.328,0.227,0.089,0.229,0.063,0.064
0.304,0.203,0.094,0.209,0.092,0.099
0.190,0.172,0.123,0.265,0.135,0.115
0.152,0.240,0.096,0.286,0.120,0.105
0.160,0.234,0.079,0.325,0.104,0.099
0.094,0.239,0.061,0.454,0.083,0.069
0.212,0.179,0.101,0.248,0.134,0.125
0.174,0.240,0.098,0.221,0.126,0.141
0.102,0.110,0.221,0.241,0.200,0.125
0.190,0.227,0.138,0.138,0.117,0.190
0.125,0.133,0.175,0.162,0.209,0.196
0.127,0.232,0.052,0.421,0.087,0.083
0.158,0.189,0.079,0.403,0.072,0.099
0.105,0.250,0.031,0.465,0.067,0.082
0.107,0.257,0.043,0.407,0.096,0.089
0.097,0.222,0.053,0.451,0.093,0.085
0.084,0.256,0.051,0.439,0.093,0.077
0.141,0.219,0.058,0.374,0.110,0.097
0.347,0.255,0.024,0.182,0.106,0.085
0.152,0.378,0.016,0.298,0.079,0.076
0.110,0.246,0.245,0.153,0.141,0.104
0.164,0.157,0.159,0.145,0.107,0.268
0.155,0.306,0.067,0.324,0.036,0.112
0.146,0.374,0.050,0.194,0.093,0.143
0.161,0.180,0.215,0.232,0.096,0.116
0.311,0.142,0.125,0.127,0.155,0.140
0.140,0.115,0.234,0.206,0.147,0.158
0.108,0.244,0.152,0.138,0.200,0.158
0.159,0.163,0.109,0.318,0.113,0.138
0.109,0.168,0.191,0.161,0.189,0.181
0.173,0.188,0.159,0.200,0.145,0.135
0.153,0.258,0.203,0.139,0.138,0.108
0.177,0.184,0.148,0.339,0.084,0.069
0.097,0.158,0.046,0.478,0.128,0.092
0.128,0.221,0.016,0.467,0.086,0.083
0.158,0.251,0.044,0.322,0.114,0.111
0.203,0.257,0.039,0.279,0.087,0.135
0.150,0.296,0.041,0.302,0.105,0.105
0.268,0.189,0.044,0.202,0.138,0.159
0.155,0.308,0.053,0.261,0.112,0.111
0.147,0.211,0.259,0.136,0.120,0.127
0.199,0.195,0.210,0.208,0.103,0.086
0.109,0.125,0.244,0.203,0.210,0.109
0.125,0.207,0.141,0.181,0.173,0.173
0.139,0.258,0.065,0.356,0.081,0.102
0.172,0.344,0.059,0.195,0.111,0.120
0.252,0.200,0.045,0.270,0.106,0.127
0.201,0.258,0.054,0.268,0.105,0.114
0.127,0.267,0.063,0.354,0.095,0.094
0.090,0.248,0.062,0.431,0.086,0.082
0.184,0.236,0.078,0.265,0.117,0.120
0.124,0.229,0.048,0.432,0.087,0.080
0.350,0.274,0.036,0.193,0.100,0.046
0.182,0.363,0.021,0.319,0.068,0.048
0.242,0.217,0.025,0.269,0.123,0.125
0.280,0.216,0.013,0.266,0.122,0.102
0.165,0.232,0.039,0.345,0.109,0.111
0.191,0.289,0.046,0.255,0.107,0.113
0.108,0.142,0.253,0.137,0.220,0.140
0.171,0.229,0.169,0.142,0.119,0.170
0.200,0.285,0.082,0.267,0.093,0.072
0.126,0.244,0.077,0.356,0.096,0.100
0.121,0.219,0.030,0.477,0.067,0.085
0.132,0.330,0.033,0.287,0.106,0.112
0.094,0.394,0.039,0.285,0.093,0.095
0.266,0.165,0.007,0.294,0.104,0.163
0.178,0.150,0.253,0.127,0.126,0.165
0.132,0.116,0.204,0.180,0.258,0.110
0.125,0.164,0.135,0.155,0.202,0.219
0.103,0.234,0.240,0.127,0.105,0.192
0.137,0.121,0.219,0.130,0.275,0.118
0.179,0.186,0.149,0.186,0.181,0.118
0.202,0.223,0.124,0.187,0.148,0.115
0.190,0.189,0.189,0.155,0.126,0.151
0.166,0.282,0.085,0.234,0.101,0.132
0.199,0.207,0.103,0.246,0.123,0.123
0.345,0.226,0.060,0.149,0.141,0.079
0.166,0.217,0.052,0.362,0.105,0.098
0.261,0.205,0.070,0.201,0.129,0.134
0.207,0.206,0.072,0.268,0.115,0.130
0.216,0.238,0.068,0.253,0.109,0.117
0.329,0.242,0.026,0.198,0.056,0.149
0.246,0.231,0.043,0.269,0.092,0.118
0.151,0.295,0.050,0.312,0.089,0.103
0.134,0.276,0.053,0.353,0.087,0.097
0.153,0.178,0.058,0.411,0.086,0.114
0.144,0.247,0.043,0.422,0.080,0.064
0.145,0.199,0.047,0.429,0.092,0.087
0.202,0.134,0.217,0.191,0.121,0.135
0.179,0.144,0.179,0.172,0.166,0.160
0.180,0.223,0.144,0.237,0.097,0.120
0.090,0.233,0.058,0.409,0.106,0.104
0.101,0.203,0.045,0.479,0.087,0.086
0.169,0.340,0.061,0.247,0.108,0.075
0.241,0.183,0.077,0.244,0.115,0.140
0.136,0.220,0.058,0.401,0.092,0.094
0.095,0.259,0.055,0.421,0.082,0.088
0.091,0.220,0.055,0.470,0.080,0.084
0.207,0.159,0.187,0.195,0.078,0.175
0.108,0.138,0.231,0.236,0.191,0.096
0.189,0.209,0.184,0.181,0.117,0.120
0.218,0.173,0.163,0.189,0.122,0.136
0.146,0.155,0.194,0.195,0.211,0.100
0.203,0.172,0.159,0.248,0.102,0.116
0.142,0.288,0.178,0.142,0.123,0.126
0.118,0.209,0.086,0.380,0.100,0.107
0.070,0.200,0.085,0.471,0.083,0.091
0.111,0.160,0.064,0.458,0.111,0.096
0.113,0.247,0.032,0.469,0.065,0.074
0.107,0.193,0.046,0.466,0.093,0.096
0.147,0.218,0.057,0.363,0.105,0.109
0.119,0.234,0.069,0.370,0.099,0.109
0.112,0.259,0.050,0.426,0.060,0.093
0.120,0.230,0.050,0.420,0.083,0.097
0.104,0.235,0.049,0.424,0.090,0.098
0.097,0.230,0.053,0.438,0.088,0.094
0.086,0.214,0.049,0.472,0.084,0.095
0.101,0.263,0.014,0.467,0.078,0.077
0.111,0.206,0.050,0.464,0.084,0.085
0.227,0.311,0.005,0.265,0.108,0.083
0.156,0.273,0.037,0.299,0.114,0.121
0.136,0.288,0.049,0.327,0.100,0.100
0.297,0.189,0.021,0.283,0.135,0.075
0.195,0.279,0.041,0.276,0.104,0.104
0.236,0.180,0.062,0.263,0.120,0.139
0.141,0.306,0.071,0.211,0.132,0.137
0.286,0.165,0.051,0.232,0.164,0.102
0.271,0.175,0.038,0.215,0.159,0.142
0.278,0.182,0.017,0.268,0.103,0.153
0.258,0.181,0.035,0.255,0.126,0.146
0.189,0.259,0.046,0.284,0.106,0.116
0.122,0.320,0.049,0.261,0.115,0.131
0.158,0.268,0.059,0.285,0.107,0.123
0.204,0.262,0.061,0.246,0.107,0.120
0.240,0.180,0.051,0.305,0.105,0.120
0.198,0.247,0.057,0.291,0.100,0.107
0.246,0.276,0.058,0.194,0.110,0.116
0.202,0.182,0.216,0.138,0.109,0.152
0.121,0.287,0.103,0.388,0.056,0.046
0.172,0.352,0.061,0.248,0.079,0.088
0.314,0.222,0.048,0.272,0.066,0.077
0.273,0.197,0.040,0.307,0.082,0.099
0.151,0.271,0.046,0.348,0.086,0.099
0.143,0.250,0.053,0.362,0.089,0.102
0.145,0.324,0.055,0.302,0.083,0.092
0.312,0.184,0.052,0.200,0.156,0.096
0.324,0.284,0.004,0.223,0.111,0.054
0.182,0.368,0.014,0.295,0.070,0.072
0.196,0.259,0.034,0.278,0.107,0.127
0.167,0.209,0.053,0.316,0.120,0.134
0.124,0.243,0.054,0.388,0.092,0.099
0.108,0.250,0.055,0.402,0.091,0.095
0.184,0.280,0.063,0.240,0.133,0.099
0.241,0.176,0.061,0.229,0.148,0.145
0.164,0.219,0.054,0.372,0.094,0.097
0.228,0.206,0.060,0.215,0.135,0.156
0.164,0.249,0.060,0.300,0.111,0.116
0.174,0.310,0.057,0.273,0.090,0.097
0.164,0.268,0.058,0.306,0.096,0.107
0.264,0.215,0.039,0.282,0.101,0.099
0.152,0.353,0.045,0.287,0.076,0.088
0.259,0.255,0.047,0.262,0.083,0.094
0.252,0.176,0.050,0.258,0.126,0.138
0.194,0.266,0.046,0.263,0.106,0.124
0.152,0.231,0.050,0.367,0.096,0.105
0.126,0.256,0.053,0.379,0.088,0.098
0.093,0.254,0.053,0.429,0.078,0.093
0.132,0.219,0.040,0.474,0.043,0.092
0.256,0.224,0.039,0.212,0.120,0.149
0.227,0.208,0.045,0.294,0.101,0.126
0.321,0.230,0.013,0.248,0.109,0.079
0.182,0.336,0.023,0.309,0.078,0.071
0.258,0.145,0.004,0.417,0.112,0.063
0.270,0.311,0.004,0.243,0.102,0.070
0.165,0.327,0.021,0.333,0.075,0.079
0.281,0.244,0.051,0.231,0.100,0.092
0.167,0.321,0.049,0.242,0.103,0.119
0.105,0.270,0.062,0.404,0.058,0.101
0.133,0.259,0.028,0.438,0.050,0.092
0.154,0.268,0.046,0.328,0.090,0.113
0.238,0.228,0.033,0.219,0.132,0.149
0.270,0.174,0.002,0.376,0.096,0.082
0.204,0.312,0.016,0.254,0.097,0.117
0.267,0.348,0.001,0.196,0.047,0.140
0.225,0.172,0.033,0.310,0.093,0.167
0.143,0.234,0.042,0.387,0.092,0.102
0.239,0.227,0.065,0.220,0.118,0.131
0.299,0.222,0.017,0.221,0.093,0.147
0.221,0.286,0.036,0.267,0.086,0.103
0.361,0.214,0.026,0.256,0.074,0.069
0.155,0.333,0.020,0.341,0.069,0.083
0.289,0.212,0.003,0.290,0.096,0.110
0.257,0.210,0.031,0.239,0.130,0.134
0.271,0.247,0.030,0.271,0.084,0.099
0.166,0.343,0.003,0.239,0.114,0.135
0.255,0.367,0.013,0.185,0.109,0.071
0.223,0.233,0.039,0.254,0.132,0.119
0.259,0.199,0.045,0.216,0.126,0.156
0.164,0.237,0.047,0.361,0.090,0.102
0.135,0.243,0.052,0.387,0.089,0.094
0.121,0.282,0.033,0.415,0.067,0.082
0.117,0.283,0.030,0.434,0.050,0.086
0.169,0.257,0.047,0.319,0.096,0.113
0.155,0.319,0.035,0.276,0.101,0.115
0.326,0.288,0.004,0.197,0.096,0.088
0.315,0.196,0.001,0.352,0.046,0.090
0.282,0.198,0.034,0.251,0.094,0.141
0.190,0.318,0.041,0.200,0.110,0.140
0.141,0.217,0.056,0.335,0.109,0.143
0.108,0.251,0.054,0.414,0.086,0.087
0.097,0.261,0.031,0.454,0.070,0.087
0.111,0.242,0.038,0.435,0.082,0.093
0.101,0.234,0.044,0.450,0.081,0.090
0.148,0.257,0.045,0.370,0.089,0.091
0.121,0.251,0.049,0.392,0.092,0.095
0.141,0.256,0.051,0.357,0.093,0.102
0.185,0.239,0.064,0.279,0.109,0.123
0.117,0.259,0.061,0.391,0.088,0.086
0.193,0.246,0.062,0.266,0.116,0.118
0.346,0.246,0.017,0.214,0.092,0.086
0.250,0.221,0.012,0.339,0.071,0.107
0.159,0.291,0.036,0.313,0.101,0.100
0.144,0.342,0.042,0.278,0.095,0.098
0.305,0.250,0.018,0.245,0.068,0.114
0.146,0.359,0.016,0.263,0.072,0.143
0.201,0.237,0.037,0.260,0.112,0.153
0.173,0.248,0.054,0.295,0.105,0.126
0.113,0.274,0.046,0.387,0.085,0.095
0.132,0.257,0.042,0.426,0.083,0.060
0.122,0.256,0.042,0.408,0.085,0.087
0.089,0.258,0.048,0.440,0.083,0.083
0.090,0.234,0.050,0.459,0.083,0.084
0.107,0.270,0.025,0.458,0.057,0.082
0.141,0.279,0.051,0.320,0.096,0.112
0.145,0.198,0.060,0.378,0.092,0.127
0.109,0.260,0.055,0.382,0.092,0.104
0.104,0.224,0.051,0.450,0.080,0.090
0.156,0.222,0.066,0.325,0.111,0.120
0.181,0.269,0.062,0.291,0.092,0.105
0.138,0.248,0.058,0.374,0.085,0.097
0.134,0.258,0.058,0.349,0.096,0.104
0.155,0.338,0.063,0.253,0.086,0.104
0.142,0.323,0.051,0.300,0.083,0.101
0.177,0.240,0.049,0.317,0.099,0.118
0.216,0.276,0.060,0.226,0.103,0.118
0.229,0.186,0.068,0.306,0.080,0.131
0.199,0.276,0.062,0.244,0.094,0.124
0.327,0.225,0.039,0.249,0.042,0.119
0.273,0.202,0.029,0.263,0.092,0.141
0.180,0.252,0.043,0.340,0.090,0.096
0.134,0.237,0.058,0.364,0.098,0.109
0.162,0.249,0.060,0.307,0.105,0.116
0.178,0.324,0.060,0.243,0.090,0.105
0.167,0.277,0.062,0.285,0.096,0.112
0.126,0.272,0.055,0.370,0.086,0.093
0.223,0.238,0.069,0.239,0.103,0.128
0.337,0.203,0.042,0.211,0.052,0.155
0.239,0.217,0.061,0.247,0.092,0.144
0.146,0.297,0.053,0.335,0.084,0.084
0.298,0.326,0.011,0.173,0.108,0.084
0.292,0.154,0.005,0.353,0.114,0.082
0.194,0.181,0.035,0.382,0.111,0.097
0.161,0.245,0.042,0.336,0.108,0.107
0.125,0.250,0.052,0.395,0.084,0.094
0.184,0.237,0.070,0.270,0.115,0.123
0.257,0.304,0.051,0.204,0.074,0.110
0.226,0.197,0.063,0.251,0.108,0.156
0.158,0.249,0.061,0.306,0.097,0.128
0.172,0.246,0.054,0.311,0.100,0.116
0.216,0.285,0.049,0.250,0.089,0.111
0.176,0.250,0.057,0.318,0.092,0.107
0.232,0.197,0.053,0.249,0.125,0.143
0.136,0.275,0.033,0.372,0.079,0.105
0.207,0.342,0.055,0.227,0.087,0.082
0.303,0.206,0.023,0.269,0.058,0.140
0.213,0.307,0.039,0.260,0.080,0.100
0.213,0.195,0.038,0.399,0.042,0.114
0.148,0.263,0.049,0.371,0.078,0.091
0.174,0.301,0.052,0.274,0.093,0.107
0.230,0.258,0.063,0.229,0.100,0.119
0.360,0.174,0.039,0.221,0.133,0.074
0.266,0.314,0.002,0.187,0.114,0.117
0.284,0.259,0.015,0.264,0.092,0.085
0.185,0.282,0.035,0.291,0.101,0.106
0.275,0.303,0.002,0.183,0.117,0.120
0.219,0.241,0.031,0.290,0.105,0.114
0.178,0.291,0.045,0.284,0.098,0.104
0.261,0.203,0.041,0.223,0.131,0.141
0.246,0.238,0.032,0.236,0.128,0.118
0.215,0.226,0.056,0.247,0.129,0.126
0.159,0.257,0.052,0.351,0.092,0.088
0.272,0.381,0.011,0.174,0.077,0.085
0.185,0.361,0.024,0.231,0.088,0.111
0.241,0.206,0.048,0.364,0.058,0.083
0.234,0.278,0.057,0.237,0.090,0.104
0.182,0.265,0.059,0.282,0.099,0.112
0.259,0.196,0.046,0.252,0.115,0.131
0.296,0.338,0.029,0.202,0.051,0.084
0.264,0.183,0.052,0.267,0.108,0.127
0.305,0.281,0.018,0.183,0.075,0.138
0.255,0.222,0.040,0.252,0.097,0.133
0.196,0.241,0.050,0.309,0.090,0.113
0.254,0.304,0.042,0.227,0.076,0.096
0.190,0.266,0.038,0.326,0.082,0.098
0.158,0.198,0.047,0.422,0.081,0.093
0.154,0.235,0.055,0.356,0.095,0.105
0.108,0.249,0.056,0.427,0.077,0.083
0.138,0.263,0.027,0.427,0.061,0.085
0.147,0.325,0.056,0.274,0.087,0.112
0.171,0.329,0.054,0.259,0.088,0.099
0.323,0.272,0.029,0.184,0.132,0.061
0.201,0.303,0.047,0.251,0.102,0.095
0.232,0.218,0.054,0.287,0.099,0.109
0.225,0.255,0.052,0.254,0.101,0.112
0.170,0.253,0.056,0.302,0.100,0.118
0.234,0.286,0.061,0.190,0.101,0.128
0.141,0.399,0.069,0.190,0.100,0.101
0.214,0.235,0.060,0.245,0.114,0.131
0.163,0.245,0.058,0.320,0.103,0.112
0.128,0.254,0.054,0.391,0.084,0.089
0.130,0.221,0.050,0.428,0.081,0.090
0.172,0.216,0.055,0.450,0.058,0.050
0.138,0.258,0.030,0.442,0.064,0.068
0.149,0.261,0.016,0.429,0.066,0.079
0.121,0.376,0.053,0.241,0.100,0.109
0.287,0.238,0.007,0.206,0.098,0.163
0.167,0.301,0.016,0.280,0.109,0.126
0.309,0.260,0.029,0.216,0.072,0.114
0.181,0.357,0.046,0.240,0.080,0.096
0.141,0.423,0.058,0.205,0.090,0.082
0.129,0.385,0.054,0.248,0.091,0.094
0.237,0.220,0.065,0.269,0.108,0.101
0.137,0.268,0.055,0.367,0.077,0.096
0.117,0.239,0.052,0.426,0.080,0.085
0.261,0.409,0.024,0.160,0.076,0.071
0.336,0.196,0.016,0.311,0.101,0.040
0.320,0.274,0.005,0.195,0.134,0.073
0.280,0.277,0.016,0.275,0.071,0.081
0.277,0.200,0.045,0.245,0.096,0.138
0.145,0.281,0.045,0.346,0.086,0.098
0.123,0.235,0.051,0.421,0.080,0.090
0.106,0.252,0.038,0.440,0.078,0.087
0.163,0.259,0.052,0.318,0.100,0.108
0.181,0.269,0.051,0.314,0.087,0.099
0.286,0.356,0.013,0.158,0.078,0.109
0.216,0.237,0.026,0.369,0.065,0.087
0.289,0.289,0.023,0.237,0.075,0.086
0.268,0.213,0.024,0.235,0.125,0.135
0.256,0.169,0.040,0.318,0.101,0.117
0.186,0.160,0.087,0.436,0.063,0.068
0.196,0.211,0.071,0.348,0.082,0.092
0.115,0.240,0.054,0.439,0.067,0.085
0.115,0.259,0.031,0.453,0.065,0.077
0.103,0.296,0.014,0.435,0.069,0.082
0.129,0.247,0.024,0.411,0.096,0.093
0.171,0.252,0.050,0.298,0.114,0.115
0.124,0.252,0.050,0.414,0.079,0.082
0.113,0.265,0.015,0.450,0.075,0.082
0.191,0.191,0.007,0.464,0.041,0.107
0.215,0.193,0.035,0.417,0.073,0.066
0.197,0.248,0.050,0.280,0.111,0.113
0.326,0.259,0.012,0.161,0.141,0.101
0.284,0.234,0.001,0.247,0.138,0.096
0.297,0.210,0.007,0.303,0.118,0.065
0.179,0.202,0.011,0.456,0.039,0.114
0.179,0.291,0.043,0.297,0.081,0.109
0.176,0.271,0.055,0.285,0.096,0.116
0.151,0.256,0.056,0.342,0.094,0.100
0.311,0.288,0.012,0.181,0.105,0.103
0.163,0.326,0.033,0.285,0.086,0.106
0.249,0.266,0.045,0.249,0.071,0.120
0.170,0.335,0.050,0.215,0.094,0.137
0.307,0.240,0.009,0.165,0.058,0.222
0.194,0.389,0.007,0.244,0.069,0.097
0.202,0.274,0.036,0.296,0.088,0.103
0.263,0.292,0.062,0.210,0.065,0.109
0.182,0.285,0.061,0.273,0.087,0.112
0.338,0.214,0.028,0.192,0.047,0.182
0.216,0.202,0.040,0.330,0.080,0.133
0.153,0.268,0.053,0.344,0.087,0.096
0.126,0.284,0.051,0.368,0.080,0.090
0.233,0.230,0.063,0.241,0.107,0.126
0.227,0.297,0.062,0.210,0.093,0.111
0.165,0.349,0.062,0.237,0.086,0.100
0.141,0.333,0.062,0.263,0.095,0.106
0.111,0.281,0.054,0.398,0.074,0.083
0.092,0.273,0.048,0.440,0.072,0.076
0.139,0.113,0.072,0.477,0.085,0.114
0.113,0.166,0.225,0.228,0.124,0.144
0.261,0.175,0.119,0.158,0.154,0.132
0.189,0.237,0.076,0.294,0.095,0.109
0.191,0.222,0.070,0.308,0.101,0.108
0.114,0.255,0.055,0.418,0.073,0.084
0.101,0.251,0.055,0.438,0.071,0.084
0.112,0.240,0.054,0.430,0.077,0.087
0.114,0.283,0.016,0.444,0.072,0.071
0.130,0.249,0.040,0.405,0.084,0.092
0.123,0.281,0.021,0.426,0.068,0.080
0.164,0.348,0.054,0.215,0.100,0.120
0.148,0.308,0.064,0.266,0.098,0.116
0.169,0.304,0.061,0.264,0.095,0.108
0.272,0.216,0.011,0.221,0.101,0.179
0.183,0.342,0.040,0.238,0.097,0.099
0.326,0.218,0.020,0.262,0.062,0.112
0.166,0.350,0.021,0.251,0.099,0.114
0.150,0.308,0.041,0.302,0.098,0.102
0.220,0.288,0.055,0.207,0.108,0.121
0.275,0.279,0.033,0.228,0.070,0.115
0.172,0.371,0.039,0.195,0.098,0.126
0.160,0.284,0.050,0.314,0.090,0.102
0.126,0.230,0.053,0.401,0.092,0.098
0.117,0.288,0.032,0.440,0.064,0.058
0.178,0.287,0.058,0.263,0.105,0.110
0.139,0.249,0.050,0.387,0.084,0.090
0.167,0.179,0.057,0.411,0.092,0.095
0.124,0.228,0.056,0.420,0.085,0.088
0.171,0.170,0.064,0.418,0.088,0.089
0.239,0.203,0.078,0.220,0.137,0.124
0.284,0.217,0.072,0.202,0.091,0.133
0.170,0.269,0.060,0.332,0.080,0.089
0.110,0.283,0.053,0.399,0.078,0.077
0.209,0.276,0.073,0.237,0.105,0.100
0.208,0.239,0.060,0.263,0.108,0.122
0.219,0.327,0.032,0.212,0.098,0.113
0.236,0.258,0.057,0.220,0.108,0.122
0.298,0.211,0.017,0.242,0.106,0.127
0.302,0.225,0.016,0.240,0.067,0.150
0.174,0.281,0.046,0.273,0.093,0.133
0.118,0.405,0.063,0.203,0.093,0.119
0.195,0.239,0.070,0.248,0.112,0.137
0.322,0.241,0.024,0.165,0.095,0.152
0.280,0.220,0.016,0.287,0.090,0.107
0.303,0.251,0.004,0.201,0.084,0.157
0.272,0.228,0.008,0.290,0.083,0.119
0.205,0.268,0.037,0.268,0.100,0.121
0.127,0.215,0.058,0.365,0.101,0.135
0.101,0.248,0.052,0.438,0.081,0.079
0.101,0.257,0.064,0.426,0.075,0.077
0.106,0.260,0.056,0.420,0.074,0.084
0.151,0.256,0.059,0.335,0.095,0.104
0.297,0.311,0.028,0.177,0.084,0.104
0.155,0.377,0.026,0.318,0.038,0.088
0.289,0.217,0.005,0.316,0.045,0.128
0.370,0.269,0.010,0.221,0.012,0.118
0.221,0.281,0.044,0.270,0.069,0.115
0.341,0.204,0.038,0.259,0.066,0.090
0.251,0.152,0.005,0.488,0.042,0.062
0.270,0.276,0.047,0.245,0.076,0.086
0.186,0.238,0.054,0.349,0.081,0.092
0.161,0.248,0.057,0.357,0.082,0.095
0.224,0.216,0.069,0.257,0.109,0.124
0.299,0.285,0.044,0.206,0.075,0.092
0.333,0.163,0.025,0.352,0.044,0.084
0.222,0.220,0.046,0.350,0.071,0.092
0.183,0.256,0.060,0.299,0.092,0.110
0.154,0.283,0.061,0.306,0.090,0.106
0.187,0.240,0.063,0.293,0.101,0.116
0.334,0.255,0.068,0.171,0.063,0.109
0.234,0.221,0.070,0.266,0.092,0.117
0.183,0.310,0.073,0.217,0.102,0.115
0.228,0.284,0.070,0.208,0.100,0.110
0.144,0.291,0.062,0.319,0.089,0.095
0.181,0.299,0.067,0.246,0.091,0.117
0.140,0.277,0.023,0.386,0.073,0.101
0.170,0.262,0.046,0.314,0.096,0.112
0.162,0.187,0.049,0.360,0.117,0.125
0.169,0.240,0.060,0.305,0.111,0.115
0.148,0.350,0.059,0.257,0.089,0.097
0.161,0.281,0.059,0.298,0.094,0.107
0.157,0.337,0.058,0.280,0.075,0.093
0.344,0.220,0.017,0.263,0.060,0.096
0.178,0.280,0.041,0.326,0.082,0.093
0.312,0.263,0.032,0.191,0.048,0.154
0.349,0.172,0.018,0.279,0.037,0.146
0.260,0.224,0.043,0.260,0.081,0.132
0.270,0.214,0.061,0.195,0.114,0.146
0.296,0.304,0.042,0.193,0.063,0.103
0.251,0.244,0.051,0.259,0.087,0.109
0.371,0.256,0.042,0.198,0.056,0.076
0.204,0.362,0.050,0.169,0.099,0.116
0.137,0.415,0.047,0.268,0.037,0.097
0.154,0.353,0.057,0.264,0.076,0.097
0.151,0.341,0.055,0.285,0.080,0.089
0.262,0.273,0.035,0.212,0.098,0.121
0.185,0.281,0.052,0.276,0.096,0.110
0.248,0.198,0.063,0.249,0.112,0.130
0.137,0.245,0.052,0.393,0.079,0.094
0.161,0.315,0.074,0.216,0.106,0.128
0.145,0.231,0.049,0.359,0.100,0.115
0.371,0.279,0.035,0.169,0.064,0.083
0.190,0.319,0.053,0.232,0.093,0.112
0.191,0.254,0.064,0.274,0.102,0.116
0.292,0.265,0.009,0.153,0.155,0.125
0.172,0.323,0.035,0.294,0.089,0.088
0.163,0.361,0.044,0.261,0.077,0.094
0.191,0.255,0.056,0.302,0.091,0.105
0.117,0.393,0.062,0.224,0.097,0.108
0.160,0.495,0.086,0.143,0.058,0.058
0.228,0.262,0.071,0.245,0.090,0.103
0.114,0.300,0.052,0.382,0.075,0.077
0.160,0.242,0.027,0.440,0.069,0.062
0.106,0.250,0.043,0.445,0.071,0.085
0.101,0.198,0.046,0.473,0.091,0.090
0.116,0.202,0.055,0.417,0.092,0.119
0.128,0.241,0.048,0.428,0.070,0.084
0.146,0.270,0.028,0.385,0.081,0.091
0.363,0.247,0.006,0.205,0.080,0.100
0.261,0.227,0.038,0.287,0.088,0.099
0.217,0.255,0.057,0.251,0.104,0.115
0.161,0.228,0.052,0.389,0.082,0.088
0.132,0.228,0.043,0.436,0.077,0.084
0.275,0.335,0.009,0.195,0.131,0.055
0.186,0.336,0.023,0.265,0.113,0.077
0.291,0.242,0.029,0.213,0.150,0.075
0.239,0.254,0.051,0.239,0.115,0.102
0.164,0.231,0.054,0.381,0.081,0.089
0.109,0.286,0.025,0.425,0.074,0.081
0.163,0.257,0.044,0.336,0.094,0.105
0.152,0.263,0.030,0.373,0.088,0.093
0.154,0.179,0.051,0.385,0.105,0.125
0.169,0.226,0.059,0.332,0.103,0.112
0.175,0.314,0.074,0.219,0.101,0.118
0.318,0.212,0.012,0.252,0.123,0.084
0.202,0.213,0.057,0.336,0.089,0.104
0.142,0.282,0.016,0.404,0.070,0.086
0.152,0.242,0.043,0.386,0.086,0.091
0.168,0.304,0.072,0.215,0.118,0.123
0.167,0.298,0.050,0.288,0.092,0.105
0.212,0.246,0.066,0.238,0.111,0.126
0.276,0.261,0.034,0.200,0.097,0.131
0.247,0.191,0.049,0.244,0.120,0.149
0.305,0.307,0.028,0.186,0.089,0.085
0.296,0.217,0.034,0.294,0.069,0.090
0.168,0.245,0.046,0.344,0.090,0.106
0.129,0.221,0.051,0.433,0.083,0.083
0.118,0.269,0.043,0.438,0.077,0.056
0.155,0.299,0.057,0.299,0.094,0.097
0.150,0.249,0.059,0.356,0.091,0.096
0.335,0.236,0.008,0.221,0.094,0.106
0.297,0.184,0.058,0.240,0.091,0.129
0.344,0.203,0.035,0.207,0.058,0.153
0.221,0.236,0.054,0.273,0.088,0.128
0.318,0.238,0.015,0.211,0.089,0.129
0.170,0.307,0.038,0.302,0.083,0.099
0.163,0.250,0.050,0.347,0.093,0.097
0.160,0.261,0.060,0.316,0.097,0.105
0.131,0.283,0.057,0.344,0.090,0.095
0.182,0.282,0.064,0.235,0.114,0.123
0.270,0.249,0.062,0.197,0.103,0.119
0.203,0.289,0.027,0.242,0.114,0.125
0.247,0.177,0.025,0.319,0.086,0.146
0.235,0.187,0.046,0.326,0.091,0.115
0.223,0.236,0.045,0.261,0.114,0.121
0.185,0.248,0.050,0.284,0.109,0.123
0.263,0.217,0.055,0.244,0.102,0.120
0.144,0.266,0.058,0.354,0.083,0.095
0.130,0.376,0.069,0.208,0.106,0.112
0.304,0.200,0.034,0.241,0.116,0.104
0.324,0.215,0.013,0.246,0.109,0.093
0.196,0.256,0.041,0.303,0.099,0.105
0.132,0.282,0.049,0.363,0.087,0.088
0.104,0.220,0.050,0.464,0.073,0.089
0.115,0.234,0.050,0.440,0.078,0.084
0.171,0.260,0.059,0.300,0.099,0.110
0.142,0.278,0.060,0.327,0.092,0.099
0.129,0.340,0.065,0.272,0.095,0.099
0.301,0.250,0.034,0.197,0.074,0.145
0.188,0.348,0.039,0.247,0.080,0.099
0.256,0.181,0.010,0.406,0.033,0.114
0.177,0.238,0.041,0.369,0.075,0.100
0.205,0.207,0.056,0.332,0.094,0.106
0.176,0.228,0.017,0.421,0.077,0.081
0.173,0.277,0.045,0.308,0.094,0.103
0.139,0.343,0.060,0.263,0.091,0.104
0.173,0.356,0.061,0.218,0.100,0.092
0.188,0.345,0.035,0.222,0.092,0.117
0.324,0.202,0.029,0.226,0.073,0.147
0.235,0.219,0.049,0.310,0.085,0.102
0.175,0.329,0.049,0.264,0.083,0.099
0.324,0.272,0.026,0.209,0.068,0.100
0.202,0.260,0.037,0.305,0.087,0.109
0.220,0.227,0.057,0.335,0.055,0.106
0.146,0.274,0.055,0.358,0.076,0.091
0.128,0.249,0.052,0.412,0.072,0.087
0.111,0.267,0.052,0.409,0.075,0.087
0.126,0.201,0.050,0.475,0.072,0.077
0.180,0.255,0.059,0.318,0.094,0.094
0.143,0.260,0.045,0.395,0.075,0.082
0.122,0.246,0.048,0.420,0.080,0.084
0.156,0.381,0.031,0.259,0.082,0.090
0.225,0.231,0.058,0.287,0.096,0.103
0.206,0.272,0.036,0.276,0.098,0.112
0.194,0.238,0.061,0.289,0.102,0.115
0.203,0.241,0.068,0.256,0.110,0.122
0.156,0.274,0.061,0.311,0.098,0.100
0.109,0.244,0.054,0.426,0.088,0.080
0.099,0.282,0.031,0.455,0.078,0.055
0.146,0.265,0.022,0.435,0.065,0.067
0.128,0.255,0.036,0.423,0.073,0.086
0.106,0.272,0.034,0.441,0.065,0.082
0.139,0.250,0.052,0.367,0.092,0.101
0.198,0.261,0.033,0.278,0.101,0.129
0.177,0.318,0.035,0.269,0.082,0.118
0.317,0.173,0.031,0.289,0.119,0.071
0.233,0.247,0.037,0.259,0.121,0.102
0.185,0.317,0.051,0.251,0.095,0.100
0.347,0.222,0.011,0.242,0.061,0.117
0.322,0.203,0.009,0.311,0.037,0.118
0.246,0.223,0.041,0.311,0.074,0.106
0.228,0.291,0.053,0.239,0.086,0.103
0.143,0.339,0.055,0.293,0.085,0.085
0.179,0.239,0.041,0.364,0.085,0.093
0.216,0.267,0.059,0.262,0.100,0.096
0.227,0.250,0.059,0.261,0.101,0.103
0.177,0.256,0.055,0.342,0.080,0.090
0.182,0.196,0.065,0.394,0.082,0.081
0.205,0.239,0.054,0.297,0.087,0.117
0.195,0.325,0.057,0.229,0.095,0.098
0.334,0.190,0.037,0.258,0.100,0.081
0.196,0.266,0.051,0.288,0.101,0.098
0.270,0.348,0.012,0.179,0.059,0.133
0.155,0.402,0.041,0.225,0.081,0.095
0.171,0.287,0.059,0.276,0.096,0.112
0.137,0.221,0.059,0.393,0.088,0.101
0.105,0.252,0.054,0.421,0.073,0.094
0.115,0.284,0.021,0.433,0.068,0.080
0.120,0.192,0.062,0.461,0.068,0.097
0.144,0.250,0.024,0.455,0.059,0.068
0.170,0.306,0.049,0.281,0.092,0.102
0.205,0.205,0.059,0.339,0.092,0.100
0.150,0.299,0.059,0.304,0.089,0.099
0.154,0.311,0.060,0.288,0.087,0.100
0.202,0.252,0.061,0.257,0.102,0.125
0.313,0.227,0.027,0.207,0.099,0.128
0.207,0.262,0.044,0.266,0.102,0.119
0.294,0.279,0.050,0.230,0.088,0.059
0.172,0.308,0.055,0.299,0.078,0.088
0.191,0.304,0.054,0.271,0.084,0.096
0.165,0.204,0.061,0.355,0.098,0.116
0.237,0.265,0.060,0.212,0.101,0.125
0.192,0.258,0.063,0.276,0.098,0.114
0.246,0.273,0.037,0.230,0.095,0.120
0.171,0.343,0.047,0.269,0.081,0.089
0.182,0.240,0.055,0.310,0.099,0.113
0.268,0.189,0.043,0.272,0.105,0.123
0.167,0.310,0.045,0.275,0.097,0.106
0.139,0.279,0.053,0.342,0.090,0.096
0.151,0.292,0.062,0.275,0.104,0.117
0.238,0.231,0.069,0.221,0.112,0.129
0.179,0.279,0.070,0.235,0.111,0.127
0.166,0.340,0.061,0.248,0.088,0.097
0.147,0.240,0.056,0.388,0.084,0.085
0.133,0.266,0.039,0.441,0.071,0.050
0.171,0.253,0.055,0.309,0.103,0.109
0.119,0.308,0.015,0.407,0.076,0.075
0.181,0.267,0.042,0.300,0.101,0.109
0.143,0.272,0.051,0.363,0.078,0.093
0.154,0.325,0.067,0.235,0.101,0.118
0.183,0.256,0.060,0.292,0.096,0.113
0.170,0.336,0.066,0.217,0.090,0.121
0.175,0.331,0.058,0.234,0.092,0.111
0.257,0.195,0.055,0.297,0.088,0.109
0.260,0.240,0.053,0.254,0.092,0.102
0.311,0.219,0.024,0.266,0.099,0.080
0.209,0.221,0.041,0.323,0.096,0.109
0.189,0.237,0.054,0.313,0.100,0.108
0.199,0.218,0.053,0.335,0.092,0.102
0.114,0.305,0.027,0.399,0.085,0.071
0.154,0.328,0.049,0.277,0.094,0.097
0.130,0.335,0.056,0.291,0.099,0.090
0.212,0.198,0.038,0.341,0.106,0.105
0.203,0.189,0.040,0.356,0.106,0.106
0.276,0.192,0.052,0.254,0.112,0.114
0.179,0.259,0.049,0.314,0.087,0.112
0.309,0.235,0.019,0.209,0.086,0.142
0.289,0.208,0.006,0.257,0.098,0.143
0.277,0.200,0.005,0.359,0.070,0.090
0.184,0.289,0.035,0.300,0.089,0.103
0.222,0.203,0.051,0.324,0.095,0.105
0.148,0.227,0.052,0.412,0.078,0.084
0.144,0.268,0.016,0.421,0.069,0.083
0.175,0.232,0.041,0.362,0.089,0.102
0.322,0.235,0.023,0.221,0.107,0.092
0.143,0.302,0.027,0.328,0.083,0.115
0.177,0.347,0.042,0.266,0.084,0.085
0.181,0.346,0.048,0.233,0.097,0.095
0.139,0.267,0.049,0.360,0.089,0.097
0.148,0.289,0.052,0.341,0.081,0.089
0.120,0.251,0.033,0.435,0.077,0.084
0.129,0.261,0.041,0.398,0.082,0.089
0.322,0.317,0.022,0.176,0.116,0.047
0.310,0.185,0.040,0.225,0.139,0.101
0.184,0.256,0.047,0.346,0.079,0.088
0.133,0.223,0.051,0.426,0.086,0.080
0.170,0.223,0.058,0.407,0.064,0.079
0.156,0.458,0.068,0.142,0.084,0.092
0.158,0.362,0.060,0.248,0.086,0.087
0.179,0.272,0.063,0.284,0.099,0.103
0.346,0.289,0.009,0.181,0.061,0.113
0.199,0.356,0.021,0.257,0.075,0.092
0.157,0.388,0.042,0.245,0.079,0.089
0.208,0.306,0.052,0.253,0.085,0.096
0.301,0.259,0.019,0.207,0.101,0.112
0.283,0.262,0.002,0.239,0.052,0.163
0.296,0.218,0.002,0.275,0.084,0.124
0.209,0.209,0.002,0.454,0.053,0.073
0.194,0.257,0.036,0.320,0.089,0.105
0.198,0.212,0.043,0.346,0.100,0.103
0.134,0.300,0.016,0.403,0.073,0.073
0.154,0.264,0.025,0.421,0.068,0.068
0.184,0.232,0.031,0.403,0.066,0.084
0.176,0.296,0.052,0.283,0.090,0.104
0.231,0.314,0.040,0.211,0.089,0.114
0.348,0.157,0.027,0.250,0.081,0.137
0.172,0.248,0.038,0.363,0.079,0.100
0.197,0.329,0.044,0.268,0.076,0.085
0.126,0.411,0.040,0.229,0.091,0.103
0.147,0.242,0.049,0.380,0.082,0.101
0.158,0.297,0.057,0.277,0.098,0.113
0.133,0.251,0.051,0.400,0.079,0.087
0.340,0.240,0.012,0.203,0.112,0.094
0.286,0.263,0.002,0.231,0.134,0.084
0.189,0.299,0.008,0.302,0.127,0.075
0.140,0.269,0.025,0.402,0.080,0.084
0.124,0.357,0.048,0.225,0.117,0.129
0.181,0.330,0.057,0.185,0.120,0.127
0.153,0.311,0.066,0.217,0.113,0.140
0.256,0.222,0.005,0.180,0.152,0.184
0.195,0.259,0.035,0.266,0.116,0.129
0.128,0.271,0.044,0.387,0.080,0.088
0.180,0.267,0.058,0.282,0.102,0.112
0.313,0.273,0.032,0.192,0.057,0.133
0.323,0.209,0.015,0.274,0.050,0.128
0.232,0.251,0.042,0.279,0.078,0.117
0.333,0.242,0.022,0.204,0.100,0.098
0.242,0.229,0.028,0.245,0.125,0.131
0.246,0.218,0.048,0.226,0.100,0.163
0.131,0.245,0.054,0.384,0.088,0.098
0.112,0.253,0.050,0.434,0.075,0.077
0.265,0.249,0.030,0.247,0.084,0.124
0.252,0.254,0.023,0.250,0.081,0.141
0.149,0.220,0.034,0.370,0.085,0.143
0.199,0.185,0.048,0.347,0.096,0.125
0.145,0.289,0.031,0.354,0.080,0.100
0.162,0.245,0.049,0.377,0.077,0.090
0.177,0.211,0.052,0.352,0.096,0.112
0.165,0.249,0.012,0.415,0.069,0.090
0.134,0.382,0.033,0.245,0.076,0.130
0.230,0.230,0.059,0.224,0.107,0.150
0.297,0.202,0.010,0.227,0.090,0.174
0.156,0.170,0.028,0.399,0.106,0.140
0.141,0.290,0.047,0.250,0.129,0.142
0.243,0.258,0.044,0.241,0.099,0.116
0.174,0.263,0.052,0.315,0.095,0.100
0.292,0.274,0.038,0.197,0.079,0.119
0.288,0.183,0.032,0.213,0.128,0.156
0.323,0.297,0.038,0.182,0.072,0.089
0.286,0.189,0.004,0.305,0.096,0.121
0.195,0.264,0.032,0.312,0.094,0.104
0.249,0.383,0.006,0.153,0.076,0.133
0.204,0.195,0.036,0.304,0.108,0.153
0.199,0.248,0.050,0.270,0.112,0.122
0.185,0.250,0.058,0.286,0.107,0.114
0.186,0.237,0.041,0.401,0.053,0.082
0.159,0.268,0.051,0.337,0.084,0.101
0.153,0.312,0.067,0.239,0.113,0.116
0.179,0.252,0.054,0.339,0.083,0.093
0.131,0.248,0.054,0.399,0.079,0.089
0.137,0.204,0.052,0.445,0.080,0.083
0.133,0.248,0.048,0.400,0.081,0.089
0.144,0.256,0.024,0.440,0.062,0.073
0.161,0.367,0.063,0.213,0.093,0.104
0.284,0.188,0.049,0.197,0.121,0.161
0.180,0.206,0.052,0.339,0.103,0.121
0.133,0.237,0.053,0.402,0.086,0.088
0.153,0.263,0.061,0.319,0.099,0.105
0.150,0.267,0.057,0.323,0.097,0.106
0.215,0.266,0.066,0.229,0.104,0.121
0.287,0.233,0.029,0.195,0.087,0.169
0.184,0.355,0.042,0.228,0.085,0.106
0.146,0.334,0.048,0.300,0.084,0.089
0.240,0.319,0.052,0.214,0.079,0.096
0.156,0.358,0.025,0.310,0.068,0.083
0.174,0.349,0.052,0.253,0.082,0.090
0.318,0.228,0.034,0.273,0.052,0.096
0.133,0.370,0.030,0.250,0.092,0.124
0.154,0.254,0.034,0.355,0.092,0.111
0.292,0.189,0.031,0.209,0.153,0.128
0.259,0.210,0.051,0.205,0.139,0.136
0.190,0.263,0.056,0.264,0.110,0.117
0.212,0.205,0.056,0.309,0.102,0.117
0.142,0.242,0.052,0.396,0.077,0.091
0.155,0.252,0.012,0.428,0.068,0.085
0.214,0.250,0.045,0.282,0.099,0.111
0.171,0.281,0.056,0.280,0.101,0.111
0.316,0.244,0.013,0.180,0.067,0.181
0.299,0.196,0.014,0.285,0.056,0.149
0.280,0.260,0.003,0.202,0.100,0.155
0.237,0.166,0.004,0.415,0.035,0.144
0.185,0.249,0.034,0.334,0.075,0.124
0.187,0.304,0.054,0.227,0.103,0.125
0.152,0.348,0.043,0.266,0.091,0.099
0.215,0.276,0.032,0.255,0.106,0.115
0.272,0.201,0.050,0.261,0.103,0.112
0.251,0.198,0.044,0.308,0.095,0.106
0.202,0.234,0.060,0.271,0.111,0.121
0.187,0.239,0.061,0.286,0.105,0.122
0.159,0.292,0.063,0.259,0.112,0.115
0.224,0.320,0.057,0.225,0.089,0.084
0.226,0.217,0.063,0.293,0.095,0.107
0.205,0.242,0.063,0.272,0.102,0.116
0.187,0.245,0.060,0.275,0.110,0.123
0.106,0.240,0.036,0.414,0.097,0.108
0.112,0.348,0.054,0.269,0.105,0.113
0.169,0.259,0.064,0.279,0.108,0.120
0.145,0.193,0.040,0.448,0.090,0.083
0.165,0.288,0.056,0.291,0.100,0.100
0.310,0.256,0.035,0.164,0.148,0.086
0.290,0.211,0.005,0.237,0.156,0.101
0.256,0.191,0.035,0.233,0.157,0.129
0.177,0.275,0.050,0.257,0.126,0.115
0.201,0.204,0.058,0.324,0.101,0.112
0.183,0.231,0.060,0.325,0.097,0.104
0.187,0.238,0.061,0.307,0.102,0.105
0.181,0.244,0.062,0.300,0.102,0.111
0.157,0.272,0.063,0.295,0.099,0.112
0.166,0.244,0.063,0.323,0.096,0.107
0.116,0.349,0.065,0.258,0.102,0.110
0.193,0.227,0.064,0.283,0.107,0.126
0.146,0.390,0.060,0.210,0.090,0.104
0.129,0.363,0.056,0.291,0.081,0.080
0.189,0.241,0.061,0.309,0.096,0.104
0.213,0.275,0.063,0.229,0.116,0.104
0.296,0.232,0.019,0.211,0.139,0.103
0.235,0.242,0.041,0.260,0.113,0.107
0.138,0.353,0.051,0.285,0.085,0.088
0.216,0.239,0.059,0.290,0.092,0.105
0.168,0.357,0.063,0.250,0.079,0.082
0.201,0.283,0.062,0.261,0.093,0.100
0.154,0.254,0.051,0.374,0.083,0.084
0.178,0.159,0.035,0.471,0.097,0.060
0.151,0.254,0.017,0.464,0.048,0.065
0.184,0.342,0.044,0.256,0.085,0.090
0.148,0.221,0.051,0.389,0.088,0.104
0.253,0.389,0.012,0.141,0.087,0.119
0.170,0.302,0.025,0.297,0.091,0.115
0.297,0.210,0.033,0.215,0.071,0.175
0.161,0.361,0.033,0.239,0.094,0.112
0.155,0.423,0.039,0.194,0.092,0.097
0.121,0.370,0.039,0.311,0.066,0.093
0.149,0.298,0.054,0.313,0.086,0.101
0.124,0.277,0.054,0.376,0.084,0.086
0.269,0.333,0.036,0.149,0.104,0.108
0.191,0.237,0.054,0.287,0.109,0.123
0.309,0.282,0.036,0.158,0.051,0.165
0.174,0.405,0.046,0.223,0.067,0.086
0.329,0.278,0.017,0.184,0.066,0.125
0.117,0.403,0.042,0.256,0.075,0.107
0.216,0.218,0.054,0.305,0.087,0.119
0.143,0.229,0.055,0.404,0.082,0.087
0.156,0.245,0.042,0.436,0.070,0.051
0.111,0.222,0.046,0.462,0.078,0.081
0.159,0.265,0.045,0.345,0.094,0.092
0.251,0.219,0.031,0.235,0.129,0.135
0.166,0.381,0.015,0.244,0.106,0.088
0.142,0.313,0.041,0.296,0.101,0.106
0.167,0.271,0.053,0.284,0.107,0.118
0.274,0.173,0.009,0.268,0.086,0.189
0.181,0.230,0.042,0.325,0.099,0.123
0.258,0.272,0.047,0.188,0.091,0.143
0.200,0.266,0.057,0.255,0.097,0.124
0.162,0.373,0.054,0.231,0.083,0.097
0.179,0.245,0.058,0.317,0.094,0.105
0.169,0.353,0.048,0.258,0.088,0.085
0.356,0.208,0.017,0.225,0.097,0.097
0.205,0.296,0.040,0.276,0.091,0.093
0.282,0.270,0.023,0.226,0.088,0.111
0.167,0.340,0.042,0.283,0.080,0.088
0.138,0.294,0.052,0.339,0.083,0.094
0.279,0.273,0.026,0.190,0.127,0.105
0.238,0.187,0.003,0.365,0.079,0.129
0.326,0.275,0.006,0.226,0.086,0.082
0.259,0.186,0.005,0.432,0.044,0.074
0.196,0.320,0.037,0.244,0.097,0.106
0.337,0.257,0.033,0.203,0.077,0.094
0.182,0.338,0.045,0.268,0.076,0.091
0.254,0.213,0.054,0.258,0.109,0.111
0.168,0.226,0.053,0.381,0.090,0.082
0.152,0.184,0.246,0.192,0.135,0.091
0.128,0.237,0.125,0.308,0.125,0.078
0.173,0.371,0.070,0.236,0.090,0.059
0.148,0.295,0.055,0.330,0.086,0.086
0.157,0.269,0.062,0.318,0.094,0.101
0.139,0.250,0.060,0.383,0.080,0.090
0.107,0.191,0.051,0.484,0.079,0.088
0.145,0.249,0.025,0.443,0.049,0.088
0.181,0.300,0.049,0.273,0.086,0.110
0.153,0.264,0.041,0.387,0.065,0.090
0.239,0.226,0.045,0.238,0.115,0.138
0.326,0.227,0.023,0.174,0.144,0.106
0.276,0.181,0.004,0.331,0.117,0.091
0.242,0.298,0.033,0.237,0.109,0.079
0.247,0.208,0.013,0.344,0.079,0.110
0.237,0.129,0.003,0.480,0.047,0.103
0.179,0.243,0.008,0.365,0.085,0.119
0.172,0.262,0.039,0.317,0.100,0.110
0.176,0.184,0.031,0.392,0.107,0.110
0.169,0.286,0.050,0.281,0.105,0.109
0.186,0.219,0.054,0.342,0.100,0.099
0.119,0.283,0.050,0.386,0.081,0.081
0.101,0.261,0.048,0.442,0.071,0.077
0.100,0.111,0.020,0.562,0.061,0.146
0.225,0.271,0.002,0.221,0.113,0.168
