0.584,0.151,0.108,0.015,0.074,0.068
0.133,0.201,0.156,0.117,0.173,0.219
0.200,0.177,0.140,0.112,0.225,0.146
0.213,0.185,0.096,0.215,0.100,0.192
0.209,0.159,0.129,0.160,0.220,0.122
0.131,0.223,0.109,0.164,0.220,0.154
0.157,0.184,0.164,0.204,0.121,0.170
0.174,0.203,0.123,0.117,0.113,0.270
0.215,0.216,0.145,0.114,0.123,0.187
0.116,0.218,0.230,0.161,0.141,0.134
0.160,0.214,0.127,0.166,0.207,0.126
0.157,0.171,0.206,0.147,0.137,0.182
0.200,0.118,0.184,0.100,0.200,0.199
0.141,0.133,0.173,0.189,0.111,0.254
0.141,0.169,0.134,0.256,0.165,0.134
0.207,0.187,0.161,0.179,0.161,0.105
0.181,0.159,0.202,0.115,0.178,0.164
0.195,0.197,0.112,0.169,0.123,0.204
0.170,0.190,0.172,0.169,0.193,0.107
0.103,0.126,0.247,0.150,0.221,0.153
0.168,0.252,0.141,0.139,0.166,0.134
0.191,0.178,0.177,0.150,0.145,0.159
0.173,0.135,0.291,0.132,0.125,0.144
0.169,0.110,0.114,0.240,0.218,0.150
0.163,0.108,0.167,0.197,0.137,0.228
0.134,0.237,0.254,0.112,0.130,0.132
0.186,0.173,0.146,0.096,0.231,0.167
0.146,0.101,0.240,0.190,0.160,0.162
0.162,0.157,0.176,0.203,0.097,0.207
0.128,0.193,0.098,0.100,0.241,0.241
0.222,0.183,0.119,0.114,0.156,0.206
0.206,0.116,0.291,0.118,0.124,0.146
0.187,0.218,0.093,0.184,0.101,0.217
0.256,0.159,0.177,0.163,0.126,0.119
0.161,0.162,0.165,0.196,0.130,0.187
0.088,0.090,0.189,0.226,0.217,0.190
0.131,0.121,0.206,0.176,0.162,0.204
0.133,0.112,0.156,0.242,0.128,0.229
0.210,0.141,0.195,0.131,0.135,0.188
0.186,0.112,0.242,0.256,0.102,0.102
0.244,0.135,0.203,0.181,0.121,0.116
0.220,0.158,0.208,0.115,0.124,0.175
0.221,0.108,0.125,0.144,0.136,0.265
0.134,0.211,0.170,0.213,0.089,0.183
0.168,0.148,0.150,0.179,0.231,0.125
0.153,0.199,0.112,0.233,0.109,0.193
0.156,0.105,0.130,0.220,0.200,0.188
0.139,0.133,0.121,0.284,0.191,0.132
0.141,0.168,0.189,0.181,0.149,0.172
0.125,0.144,0.227,0.204,0.195,0.105
0.195,0.139,0.128,0.213,0.151,0.175
0.216,0.188,0.154,0.129,0.162,0.150
0.115,0.108,0.173,0.279,0.176,0.149
0.159,0.135,0.186,0.140,0.196,0.183
0.134,0.161,0.154,0.167,0.223,0.161
0.161,0.178,0.106,0.231,0.098,0.226
0.227,0.168,0.105,0.224,0.130,0.145
0.149,0.179,0.235,0.097,0.140,0.200
0.164,0.224,0.155,0.222,0.090,0.145
0.108,0.176,0.189,0.157,0.245,0.126
0.166,0.131,0.132,0.237,0.146,0.188
0.112,0.242,0.174,0.222,0.142,0.109
0.181,0.261,0.117,0.192,0.112,0.136
0.185,0.142,0.200,0.110,0.188,0.174
0.160,0.159,0.219,0.138,0.148,0.175
0.177,0.258,0.137,0.180,0.101,0.146
0.130,0.155,0.224,0.248,0.118,0.125
0.155,0.164,0.132,0.170,0.154,0.224
0.137,0.205,0.154,0.190,0.132,0.182
0.186,0.144,0.150,0.144,0.235,0.141
0.099,0.237,0.162,0.249,0.117,0.135
0.207,0.132,0.197,0.162,0.160,0.142
0.213,0.183,0.122,0.312,0.076,0.094
0.137,0.142,0.227,0.146,0.217,0.132
0.118,0.195,0.133,0.150,0.172,0.233
0.216,0.250,0.100,0.159,0.172,0.103
0.131,0.233,0.144,0.100,0.213,0.179
0.151,0.103,0.214,0.187,0.216,0.129
0.174,0.103,0.160,0.265,0.154,0.143
0.197,0.209,0.172,0.145,0.166,0.111
0.222,0.182,0.188,0.095,0.137,0.176
0.237,0.206,0.157,0.094,0.111,0.196
0.224,0.125,0.230,0.149,0.135,0.137
0.129,0.114,0.152,0.197,0.210,0.198
0.131,0.252,0.240,0.148,0.124,0.106
0.101,0.176,0.153,0.171,0.220,0.178
0.185,0.175,0.176,0.138,0.176,0.151
0.198,0.118,0.122,0.193,0.217,0.152
0.145,0.196,0.181,0.170,0.093,0.215
0.227,0.198,0.156,0.175,0.112,0.132
0.157,0.161,0.155,0.127,0.271,0.129
0.103,0.122,0.140,0.136,0.234,0.265
0.129,0.273,0.184,0.145,0.126,0.143
0.104,0.242,0.130,0.122,0.231,0.172
0.149,0.262,0.094,0.231,0.119,0.146
0.121,0.207,0.264,0.116,0.165,0.128
0.091,0.164,0.213,0.233,0.118,0.180
0.113,0.166,0.201,0.136,0.185,0.199
0.171,0.150,0.154,0.137,0.148,0.241
0.148,0.251,0.118,0.246,0.100,0.137
0.135,0.212,0.228,0.126,0.161,0.137
0.229,0.147,0.104,0.122,0.271,0.128
0.128,0.146,0.131,0.237,0.209,0.148
0.143,0.223,0.199,0.158,0.148,0.129
0.136,0.157,0.144,0.192,0.202,0.170
0.133,0.121,0.297,0.173,0.150,0.125
0.149,0.119,0.177,0.159,0.262,0.134
0.170,0.224,0.134,0.162,0.180,0.129
0.278,0.156,0.141,0.189,0.118,0.118
0.171,0.134,0.168,0.237,0.106,0.185
0.112,0.215,0.226,0.171,0.186,0.090
0.104,0.228,0.194,0.161,0.125,0.187
0.284,0.116,0.115,0.115,0.257,0.113
0.155,0.177,0.219,0.142,0.155,0.152
0.132,0.152,0.242,0.117,0.235,0.122
0.207,0.196,0.170,0.106,0.162,0.159
0.196,0.132,0.177,0.160,0.120,0.214
0.171,0.139,0.157,0.113,0.166,0.254
0.113,0.118,0.201,0.189,0.265,0.115
0.197,0.179,0.116,0.151,0.153,0.205
0.258,0.165,0.220,0.109,0.135,0.113
0.228,0.184,0.112,0.114,0.154,0.208
0.120,0.185,0.189,0.216,0.187,0.104
0.146,0.106,0.142,0.222,0.124,0.261
0.251,0.096,0.141,0.207,0.104,0.201
0.147,0.133,0.242,0.104,0.169,0.205
0.202,0.139,0.138,0.238,0.168,0.113
0.157,0.194,0.107,0.163,0.180,0.199
0.149,0.131,0.222,0.111,0.186,0.201
0.227,0.159,0.245,0.128,0.121,0.120
0.220,0.112,0.171,0.157,0.117,0.223
0.228,0.118,0.156,0.207,0.104,0.186
0.217,0.202,0.216,0.118,0.149,0.098
0.201,0.129,0.111,0.190,0.210,0.160
0.150,0.142,0.192,0.137,0.220,0.158
0.188,0.152,0.161,0.120,0.125,0.253
0.202,0.165,0.096,0.209,0.147,0.182
0.141,0.193,0.207,0.101,0.136,0.221
0.152,0.142,0.170,0.244,0.141,0.150
0.207,0.178,0.136,0.140,0.108,0.230
0.237,0.164,0.150,0.144,0.170,0.135
0.210,0.202,0.074,0.366,0.065,0.083
0.146,0.220,0.050,0.425,0.094,0.065
0.174,0.154,0.119,0.143,0.150,0.259
0.192,0.217,0.114,0.200,0.127,0.150
0.165,0.158,0.154,0.159,0.157,0.207
0.130,0.187,0.146,0.160,0.149,0.228
0.140,0.203,0.209,0.133,0.108,0.207
0.122,0.160,0.174,0.228,0.158,0.159
0.123,0.223,0.208,0.148,0.198,0.101
0.168,0.134,0.168,0.187,0.217,0.125
0.161,0.208,0.117,0.282,0.126,0.106
0.127,0.124,0.149,0.180,0.189,0.231
0.246,0.112,0.277,0.111,0.138,0.116
0.162,0.149,0.147,0.164,0.153,0.225
0.184,0.104,0.215,0.131,0.249,0.116
0.158,0.225,0.118,0.167,0.234,0.098
0.204,0.128,0.132,0.133,0.183,0.220
0.247,0.119,0.129,0.228,0.143,0.133
0.175,0.193,0.234,0.102,0.173,0.124
0.120,0.167,0.150,0.259,0.166,0.137
0.105,0.135,0.144,0.234,0.124,0.258
0.138,0.132,0.253,0.166,0.134,0.177
0.152,0.160,0.244,0.202,0.140,0.102
0.162,0.126,0.262,0.184,0.132,0.133
0.143,0.149,0.167,0.227,0.108,0.206
0.119,0.209,0.121,0.216,0.119,0.215
0.172,0.187,0.193,0.177,0.091,0.180
0.236,0.190,0.120,0.152,0.180,0.121
0.201,0.121,0.269,0.122,0.143,0.143
0.234,0.212,0.151,0.140,0.142,0.121
0.196,0.096,0.228,0.177,0.174,0.128
0.151,0.187,0.166,0.127,0.188,0.182
0.224,0.095,0.228,0.106,0.155,0.193
0.208,0.157,0.119,0.262,0.112,0.142
0.106,0.195,0.224,0.110,0.165,0.200
0.106,0.102,0.112,0.264,0.210,0.205
0.121,0.183,0.074,0.454,0.071,0.098
0.107,0.251,0.156,0.252,0.132,0.103
0.142,0.231,0.225,0.157,0.099,0.147
0.171,0.217,0.123,0.207,0.116,0.165
0.179,0.223,0.080,0.329,0.064,0.125
0.154,0.182,0.127,0.240,0.122,0.175
0.184,0.187,0.213,0.140,0.153,0.124
0.234,0.134,0.139,0.111,0.140,0.241
0.182,0.214,0.085,0.319,0.085,0.115
0.092,0.360,0.041,0.392,0.068,0.046
0.247,0.307,0.042,0.225,0.069,0.112
0.151,0.116,0.213,0.165,0.147,0.207
0.108,0.166,0.194,0.210,0.129,0.193
0.138,0.117,0.168,0.152,0.245,0.179
0.127,0.138,0.173,0.252,0.154,0.156
0.244,0.142,0.135,0.184,0.135,0.159
0.177,0.147,0.115,0.267,0.129,0.165
0.213,0.203,0.086,0.190,0.103,0.204
0.161,0.178,0.106,0.257,0.109,0.190
0.223,0.136,0.136,0.159,0.129,0.217
0.114,0.293,0.070,0.361,0.055,0.107
0.213,0.174,0.090,0.276,0.127,0.121
0.178,0.201,0.130,0.207,0.145,0.140
0.177,0.180,0.132,0.256,0.147,0.108
0.151,0.250,0.135,0.199,0.168,0.098
0.179,0.245,0.108,0.235,0.120,0.113
0.169,0.185,0.190,0.123,0.191,0.142
0.148,0.128,0.118,0.267,0.149,0.191
0.139,0.227,0.147,0.258,0.125,0.105
0.102,0.110,0.221,0.241,0.200,0.125
0.190,0.227,0.138,0.138,0.117,0.190
0.125,0.133,0.175,0.162,0.209,0.196
0.127,0.241,0.055,0.407,0.086,0.084
0.125,0.215,0.054,0.428,0.096,0.083
0.186,0.336,0.051,0.200,0.118,0.110
0.117,0.158,0.159,0.199,0.167,0.200
0.183,0.226,0.163,0.172,0.110,0.148
0.195,0.144,0.144,0.211,0.171,0.135
0.173,0.235,0.080,0.283,0.120,0.109
0.201,0.139,0.092,0.327,0.128,0.112
0.145,0.162,0.054,0.426,0.110,0.102
0.110,0.246,0.245,0.153,0.141,0.104
0.164,0.157,0.159,0.145,0.107,0.268
0.162,0.313,0.072,0.299,0.039,0.115
0.136,0.385,0.039,0.340,0.062,0.037
0.161,0.180,0.215,0.232,0.096,0.116
0.311,0.142,0.125,0.127,0.155,0.140
0.140,0.115,0.234,0.206,0.147,0.158
0.108,0.244,0.152,0.138,0.200,0.158
0.240,0.129,0.101,0.219,0.111,0.200
0.296,0.196,0.057,0.188,0.095,0.169
0.199,0.152,0.189,0.159,0.156,0.145
0.153,0.258,0.203,0.139,0.138,0.108
0.122,0.231,0.095,0.401,0.084,0.068
0.126,0.336,0.093,0.275,0.087,0.083
0.156,0.198,0.180,0.179,0.186,0.100
0.115,0.157,0.182,0.164,0.240,0.141
0.124,0.193,0.107,0.405,0.080,0.091
0.135,0.171,0.205,0.161,0.210,0.120
0.223,0.193,0.174,0.152,0.140,0.117
0.308,0.161,0.116,0.149,0.148,0.119
0.147,0.211,0.259,0.136,0.120,0.127
0.199,0.195,0.210,0.208,0.103,0.086
0.109,0.125,0.244,0.203,0.210,0.109
0.125,0.207,0.141,0.181,0.173,0.173
0.136,0.269,0.070,0.344,0.079,0.102
0.157,0.355,0.063,0.242,0.092,0.091
0.235,0.197,0.065,0.303,0.096,0.104
0.169,0.225,0.070,0.357,0.091,0.088
0.108,0.242,0.074,0.398,0.090,0.087
0.084,0.241,0.065,0.439,0.087,0.083
0.192,0.194,0.090,0.279,0.121,0.123
0.159,0.237,0.041,0.412,0.088,0.063
0.333,0.210,0.032,0.298,0.090,0.037
0.177,0.343,0.022,0.339,0.070,0.049
0.244,0.185,0.028,0.295,0.122,0.126
0.201,0.244,0.029,0.292,0.119,0.114
0.158,0.288,0.037,0.288,0.114,0.115
0.126,0.376,0.025,0.331,0.076,0.066
0.108,0.142,0.253,0.137,0.220,0.140
0.171,0.229,0.169,0.142,0.119,0.170
0.183,0.359,0.067,0.254,0.082,0.056
0.251,0.222,0.076,0.195,0.127,0.128
0.156,0.206,0.062,0.374,0.100,0.102
0.313,0.252,0.032,0.191,0.091,0.120
0.221,0.375,0.007,0.261,0.071,0.064
0.159,0.422,0.008,0.269,0.068,0.074
0.178,0.150,0.253,0.127,0.126,0.165
0.132,0.116,0.204,0.180,0.258,0.110
0.149,0.217,0.096,0.404,0.082,0.051
0.103,0.234,0.240,0.127,0.105,0.192
0.139,0.124,0.217,0.133,0.268,0.119
0.187,0.192,0.150,0.197,0.175,0.100
0.202,0.223,0.124,0.187,0.148,0.115
0.190,0.189,0.189,0.155,0.126,0.151
0.213,0.187,0.184,0.183,0.096,0.137
0.286,0.184,0.173,0.117,0.101,0.140
0.270,0.123,0.173,0.165,0.124,0.145
0.226,0.238,0.095,0.267,0.085,0.089
0.151,0.271,0.080,0.318,0.086,0.094
0.231,0.186,0.081,0.310,0.092,0.099
0.217,0.200,0.074,0.301,0.100,0.107
0.340,0.216,0.036,0.217,0.051,0.139
0.228,0.274,0.055,0.221,0.106,0.114
0.228,0.161,0.060,0.277,0.140,0.134
0.171,0.275,0.073,0.225,0.127,0.129
0.252,0.184,0.067,0.221,0.127,0.149
0.153,0.289,0.056,0.303,0.093,0.106
0.140,0.271,0.056,0.342,0.094,0.097
0.202,0.134,0.217,0.191,0.121,0.135
0.179,0.144,0.179,0.172,0.166,0.160
0.126,0.299,0.087,0.304,0.100,0.085
0.093,0.178,0.072,0.454,0.100,0.103
0.196,0.254,0.058,0.254,0.114,0.124
0.296,0.142,0.015,0.364,0.116,0.068
0.167,0.343,0.043,0.228,0.115,0.104
0.234,0.204,0.056,0.227,0.126,0.152
0.142,0.311,0.058,0.283,0.099,0.107
0.165,0.265,0.065,0.283,0.104,0.117
0.206,0.192,0.078,0.279,0.112,0.133
0.108,0.138,0.231,0.236,0.191,0.096
0.189,0.209,0.184,0.181,0.117,0.120
0.219,0.156,0.162,0.217,0.114,0.132
0.146,0.155,0.194,0.195,0.211,0.100
0.203,0.172,0.159,0.248,0.102,0.116
0.142,0.288,0.178,0.142,0.123,0.126
0.126,0.191,0.079,0.397,0.103,0.104
0.068,0.206,0.088,0.456,0.087,0.095
0.083,0.215,0.063,0.495,0.065,0.081
0.276,0.330,0.054,0.172,0.066,0.102
0.148,0.420,0.034,0.269,0.073,0.056
0.141,0.398,0.017,0.314,0.051,0.080
0.158,0.237,0.035,0.354,0.097,0.118
0.199,0.301,0.046,0.245,0.087,0.122
0.160,0.292,0.057,0.288,0.095,0.110
0.180,0.245,0.069,0.272,0.111,0.123
0.181,0.277,0.061,0.269,0.101,0.111
0.144,0.272,0.036,0.354,0.084,0.111
0.250,0.203,0.037,0.228,0.127,0.155
0.287,0.180,0.048,0.251,0.098,0.137
0.235,0.195,0.003,0.391,0.090,0.087
0.201,0.265,0.034,0.286,0.102,0.112
0.137,0.363,0.050,0.261,0.090,0.099
0.132,0.380,0.054,0.245,0.087,0.102
0.102,0.418,0.050,0.247,0.081,0.102
0.103,0.391,0.051,0.272,0.084,0.098
0.152,0.266,0.058,0.332,0.089,0.103
0.148,0.297,0.066,0.267,0.100,0.123
0.183,0.206,0.058,0.344,0.093,0.115
0.301,0.225,0.038,0.215,0.069,0.152
0.263,0.168,0.049,0.267,0.110,0.143
0.220,0.212,0.058,0.274,0.111,0.126
0.238,0.242,0.068,0.234,0.101,0.118
0.264,0.301,0.036,0.203,0.088,0.108
0.204,0.231,0.050,0.281,0.104,0.130
0.322,0.200,0.024,0.212,0.076,0.167
0.225,0.263,0.036,0.289,0.071,0.116
0.250,0.192,0.048,0.305,0.091,0.114
0.204,0.180,0.214,0.138,0.110,0.153
0.128,0.290,0.108,0.371,0.054,0.048
0.126,0.235,0.054,0.398,0.084,0.103
0.299,0.301,0.052,0.193,0.068,0.088
0.172,0.378,0.022,0.302,0.048,0.078
0.127,0.251,0.041,0.421,0.068,0.093
0.106,0.254,0.050,0.402,0.084,0.103
0.133,0.236,0.057,0.376,0.091,0.108
0.183,0.169,0.059,0.397,0.087,0.105
0.106,0.216,0.060,0.444,0.080,0.095
0.119,0.264,0.057,0.378,0.085,0.097
0.117,0.243,0.054,0.412,0.083,0.091
0.148,0.168,0.070,0.389,0.104,0.121
0.242,0.223,0.052,0.275,0.100,0.108
0.164,0.272,0.057,0.309,0.093,0.106
0.227,0.400,0.033,0.150,0.065,0.125
0.181,0.422,0.016,0.246,0.052,0.083
0.111,0.437,0.018,0.300,0.057,0.077
0.321,0.286,0.006,0.248,0.048,0.091
0.180,0.390,0.016,0.290,0.038,0.086
0.208,0.217,0.034,0.339,0.089,0.114
0.187,0.259,0.053,0.283,0.100,0.118
0.259,0.191,0.030,0.325,0.093,0.101
0.179,0.247,0.042,0.334,0.093,0.106
0.134,0.254,0.054,0.363,0.091,0.104
0.239,0.212,0.071,0.217,0.123,0.139
0.197,0.226,0.066,0.284,0.107,0.121
0.152,0.247,0.199,0.181,0.100,0.122
0.183,0.169,0.184,0.198,0.124,0.142
0.168,0.231,0.104,0.272,0.105,0.122
0.165,0.213,0.059,0.425,0.038,0.099
0.151,0.203,0.057,0.394,0.085,0.110
0.147,0.245,0.020,0.424,0.071,0.093
0.199,0.321,0.034,0.239,0.094,0.113
0.141,0.371,0.011,0.317,0.072,0.088
0.177,0.279,0.038,0.281,0.103,0.122
0.174,0.278,0.025,0.298,0.099,0.126
0.254,0.175,0.063,0.265,0.110,0.133
0.172,0.255,0.055,0.348,0.091,0.079
0.297,0.261,0.032,0.233,0.121,0.056
0.236,0.231,0.050,0.270,0.113,0.100
0.165,0.237,0.054,0.355,0.091,0.098
0.218,0.238,0.069,0.234,0.113,0.127
0.184,0.250,0.064,0.277,0.105,0.120
0.340,0.207,0.008,0.279,0.084,0.081
0.194,0.338,0.016,0.292,0.077,0.083
0.263,0.411,0.001,0.178,0.035,0.112
0.235,0.208,0.032,0.304,0.080,0.141
0.149,0.270,0.046,0.343,0.089,0.103
0.139,0.317,0.048,0.291,0.092,0.113
0.284,0.205,0.014,0.285,0.070,0.141
0.268,0.196,0.036,0.328,0.083,0.089
0.198,0.395,0.077,0.213,0.044,0.073
0.107,0.384,0.034,0.331,0.058,0.086
0.239,0.294,0.022,0.241,0.086,0.118
0.262,0.200,0.048,0.230,0.119,0.142
0.157,0.284,0.049,0.332,0.082,0.096
0.151,0.347,0.051,0.265,0.085,0.101
0.232,0.324,0.029,0.202,0.116,0.097
0.167,0.311,0.045,0.289,0.087,0.100
0.267,0.224,0.045,0.242,0.105,0.117
0.165,0.252,0.050,0.346,0.087,0.100
0.278,0.293,0.046,0.211,0.056,0.116
0.265,0.202,0.059,0.235,0.096,0.143
0.244,0.277,0.063,0.194,0.093,0.128
0.158,0.286,0.058,0.320,0.084,0.094
0.172,0.314,0.052,0.279,0.084,0.100
0.326,0.314,0.009,0.191,0.079,0.080
0.318,0.197,0.002,0.343,0.053,0.087
0.283,0.206,0.037,0.242,0.093,0.138
0.196,0.207,0.053,0.333,0.096,0.115
0.146,0.195,0.053,0.426,0.082,0.098
0.109,0.218,0.056,0.448,0.082,0.087
0.104,0.258,0.034,0.449,0.066,0.089
0.118,0.245,0.043,0.419,0.079,0.096
0.108,0.246,0.049,0.425,0.080,0.093
0.150,0.266,0.061,0.313,0.098,0.112
0.223,0.239,0.071,0.259,0.096,0.112
0.205,0.219,0.048,0.327,0.092,0.108
0.167,0.298,0.056,0.289,0.088,0.103
0.120,0.304,0.055,0.347,0.085,0.089
0.150,0.158,0.067,0.386,0.117,0.122
0.197,0.249,0.068,0.269,0.105,0.111
0.269,0.245,0.046,0.230,0.083,0.128
0.183,0.265,0.055,0.308,0.090,0.100
0.165,0.340,0.055,0.248,0.091,0.101
0.296,0.257,0.029,0.248,0.056,0.114
0.175,0.327,0.039,0.275,0.079,0.105
0.136,0.290,0.049,0.340,0.098,0.089
0.189,0.260,0.061,0.270,0.105,0.115
0.169,0.259,0.056,0.305,0.100,0.112
0.151,0.267,0.047,0.387,0.085,0.062
0.170,0.246,0.050,0.348,0.092,0.095
0.174,0.318,0.053,0.276,0.083,0.096
0.329,0.247,0.007,0.227,0.046,0.144
0.278,0.181,0.004,0.350,0.034,0.153
0.227,0.294,0.038,0.250,0.074,0.117
0.260,0.191,0.063,0.224,0.122,0.139
0.211,0.276,0.064,0.214,0.109,0.126
0.152,0.303,0.059,0.300,0.085,0.100
0.196,0.274,0.073,0.236,0.101,0.120
0.152,0.380,0.066,0.211,0.086,0.105
0.245,0.235,0.072,0.218,0.101,0.129
0.343,0.228,0.014,0.225,0.038,0.152
0.256,0.209,0.043,0.260,0.068,0.164
0.198,0.297,0.056,0.255,0.079,0.116
0.181,0.269,0.062,0.278,0.093,0.117
0.219,0.301,0.059,0.216,0.089,0.116
0.280,0.173,0.065,0.231,0.102,0.148
0.238,0.302,0.059,0.209,0.094,0.098
0.199,0.160,0.088,0.410,0.091,0.051
0.127,0.263,0.024,0.446,0.076,0.064
0.123,0.246,0.046,0.408,0.087,0.091
0.180,0.322,0.077,0.202,0.083,0.137
0.213,0.237,0.069,0.242,0.101,0.138
0.147,0.248,0.063,0.349,0.072,0.122
0.176,0.226,0.066,0.347,0.081,0.104
0.131,0.231,0.062,0.395,0.083,0.098
0.161,0.294,0.065,0.288,0.085,0.107
0.324,0.243,0.046,0.212,0.040,0.136
0.199,0.312,0.055,0.267,0.072,0.095
0.167,0.295,0.061,0.286,0.085,0.106
0.296,0.299,0.014,0.205,0.096,0.090
0.279,0.190,0.008,0.342,0.099,0.083
0.171,0.225,0.042,0.357,0.104,0.100
0.163,0.228,0.053,0.356,0.094,0.105
0.291,0.281,0.045,0.213,0.095,0.075
0.162,0.348,0.034,0.208,0.118,0.130
0.183,0.267,0.052,0.270,0.102,0.126
0.133,0.282,0.055,0.348,0.087,0.096
0.295,0.269,0.038,0.189,0.052,0.157
0.166,0.308,0.049,0.289,0.078,0.109
0.116,0.370,0.055,0.241,0.101,0.117
0.145,0.278,0.061,0.317,0.091,0.109
0.229,0.259,0.068,0.232,0.097,0.115
0.203,0.256,0.061,0.279,0.090,0.111
0.257,0.215,0.070,0.246,0.097,0.116
0.244,0.242,0.071,0.219,0.103,0.121
0.209,0.309,0.063,0.236,0.085,0.099
0.293,0.247,0.010,0.229,0.069,0.153
0.196,0.331,0.037,0.250,0.080,0.106
0.165,0.348,0.045,0.248,0.089,0.104
0.326,0.197,0.031,0.249,0.041,0.157
0.217,0.256,0.052,0.276,0.080,0.121
0.196,0.334,0.061,0.227,0.063,0.119
0.173,0.340,0.061,0.228,0.089,0.108
0.136,0.224,0.063,0.362,0.103,0.111
0.097,0.247,0.057,0.433,0.077,0.090
0.163,0.197,0.056,0.456,0.057,0.072
0.129,0.226,0.059,0.416,0.079,0.091
0.247,0.233,0.060,0.197,0.124,0.139
0.296,0.191,0.020,0.235,0.154,0.105
0.199,0.260,0.038,0.273,0.116,0.114
0.190,0.258,0.058,0.270,0.108,0.116
0.284,0.320,0.015,0.209,0.073,0.099
0.285,0.194,0.003,0.289,0.055,0.174
0.191,0.240,0.038,0.314,0.090,0.128
0.225,0.194,0.053,0.338,0.089,0.101
0.179,0.247,0.063,0.297,0.101,0.112
0.258,0.200,0.037,0.273,0.111,0.121
0.123,0.180,0.051,0.390,0.113,0.143
0.123,0.272,0.040,0.411,0.088,0.067
0.109,0.261,0.055,0.395,0.091,0.089
0.110,0.288,0.043,0.408,0.068,0.083
0.118,0.251,0.052,0.402,0.073,0.103
0.160,0.249,0.063,0.326,0.090,0.112
0.242,0.294,0.065,0.178,0.099,0.123
0.242,0.235,0.062,0.248,0.087,0.127
0.150,0.293,0.059,0.310,0.089,0.099
0.174,0.219,0.070,0.311,0.104,0.123
0.137,0.232,0.061,0.388,0.084,0.098
0.107,0.302,0.038,0.419,0.055,0.078
0.137,0.307,0.055,0.317,0.084,0.100
0.315,0.281,0.034,0.187,0.122,0.061
0.182,0.341,0.037,0.290,0.067,0.083
0.133,0.366,0.051,0.272,0.080,0.098
0.224,0.261,0.065,0.240,0.093,0.116
0.188,0.267,0.063,0.284,0.101,0.097
0.259,0.322,0.055,0.206,0.069,0.090
0.175,0.229,0.054,0.326,0.097,0.119
0.151,0.224,0.064,0.370,0.086,0.104
0.245,0.358,0.024,0.179,0.048,0.147
0.202,0.263,0.043,0.265,0.080,0.146
0.187,0.224,0.047,0.339,0.084,0.120
0.168,0.235,0.060,0.323,0.100,0.115
0.134,0.269,0.032,0.405,0.074,0.087
0.150,0.254,0.059,0.397,0.063,0.077
0.146,0.309,0.064,0.288,0.089,0.104
0.291,0.259,0.010,0.200,0.086,0.154
0.194,0.223,0.037,0.345,0.090,0.111
0.294,0.294,0.047,0.214,0.054,0.097
0.195,0.334,0.055,0.235,0.082,0.099
0.190,0.246,0.064,0.292,0.095,0.113
0.279,0.208,0.042,0.193,0.126,0.152
0.234,0.208,0.057,0.293,0.105,0.104
0.177,0.263,0.064,0.291,0.096,0.109
0.175,0.260,0.067,0.285,0.099,0.114
0.200,0.304,0.061,0.233,0.093,0.109
0.318,0.237,0.037,0.228,0.117,0.063
0.160,0.286,0.044,0.321,0.080,0.110
0.179,0.268,0.059,0.289,0.093,0.112
0.170,0.249,0.062,0.317,0.087,0.115
0.119,0.288,0.059,0.353,0.085,0.096
0.125,0.236,0.059,0.402,0.083,0.095
0.161,0.291,0.054,0.320,0.083,0.091
0.271,0.368,0.007,0.172,0.104,0.078
0.183,0.369,0.040,0.233,0.082,0.093
0.293,0.401,0.035,0.153,0.048,0.069
0.275,0.177,0.038,0.276,0.103,0.131
0.261,0.259,0.045,0.214,0.103,0.118
0.191,0.256,0.059,0.282,0.098,0.114
0.183,0.261,0.064,0.280,0.100,0.112
0.198,0.201,0.072,0.354,0.086,0.090
0.311,0.291,0.049,0.218,0.026,0.106
0.178,0.348,0.051,0.262,0.065,0.096
0.294,0.219,0.028,0.249,0.080,0.129
0.206,0.198,0.049,0.355,0.087,0.106
0.177,0.279,0.058,0.282,0.093,0.110
0.146,0.249,0.057,0.353,0.097,0.099
0.145,0.303,0.064,0.295,0.091,0.103
0.118,0.202,0.020,0.460,0.104,0.097
0.155,0.227,0.042,0.343,0.115,0.119
0.171,0.357,0.059,0.247,0.069,0.096
0.314,0.215,0.023,0.245,0.119,0.085
0.240,0.268,0.038,0.262,0.098,0.094
0.221,0.358,0.034,0.215,0.082,0.090
0.312,0.180,0.022,0.357,0.058,0.071
0.206,0.245,0.049,0.306,0.090,0.103
0.154,0.223,0.056,0.382,0.088,0.096
0.133,0.266,0.055,0.370,0.084,0.091
0.126,0.234,0.056,0.408,0.083,0.092
0.315,0.290,0.014,0.200,0.088,0.094
0.158,0.354,0.044,0.246,0.092,0.105
0.241,0.267,0.052,0.256,0.064,0.119
0.162,0.229,0.030,0.380,0.080,0.119
0.115,0.144,0.016,0.524,0.101,0.100
0.322,0.284,0.007,0.163,0.072,0.152
0.245,0.239,0.025,0.273,0.080,0.139
0.207,0.286,0.050,0.257,0.077,0.123
0.162,0.299,0.064,0.268,0.090,0.117
0.317,0.202,0.030,0.229,0.045,0.176
0.308,0.192,0.028,0.249,0.056,0.166
0.193,0.249,0.051,0.297,0.086,0.124
0.187,0.263,0.062,0.269,0.099,0.120
0.305,0.277,0.046,0.191,0.066,0.115
0.170,0.376,0.054,0.230,0.077,0.094
0.256,0.264,0.054,0.242,0.086,0.099
0.146,0.298,0.053,0.330,0.081,0.092
0.162,0.256,0.060,0.326,0.092,0.104
0.303,0.264,0.045,0.175,0.118,0.095
0.168,0.263,0.057,0.330,0.078,0.104
0.210,0.240,0.070,0.258,0.102,0.120
0.167,0.222,0.064,0.367,0.085,0.095
0.144,0.247,0.061,0.375,0.081,0.093
0.215,0.307,0.062,0.222,0.089,0.105
0.217,0.249,0.060,0.282,0.087,0.104
0.341,0.243,0.016,0.218,0.081,0.101
0.301,0.160,0.062,0.264,0.106,0.107
0.311,0.259,0.007,0.181,0.129,0.111
0.215,0.253,0.041,0.261,0.116,0.115
0.277,0.289,0.046,0.195,0.091,0.102
0.279,0.190,0.049,0.230,0.101,0.150
0.329,0.212,0.039,0.213,0.072,0.135
0.186,0.261,0.053,0.292,0.092,0.116
0.189,0.262,0.057,0.281,0.095,0.116
0.292,0.292,0.021,0.185,0.082,0.128
0.303,0.184,0.011,0.345,0.044,0.113
0.282,0.197,0.043,0.291,0.078,0.109
0.167,0.263,0.054,0.333,0.088,0.095
0.179,0.265,0.061,0.289,0.097,0.109
0.152,0.195,0.063,0.410,0.088,0.093
0.166,0.302,0.076,0.238,0.101,0.117
0.162,0.257,0.070,0.309,0.091,0.111
0.184,0.241,0.069,0.301,0.094,0.111
0.233,0.243,0.071,0.233,0.105,0.116
0.210,0.239,0.067,0.269,0.099,0.116
0.181,0.277,0.063,0.284,0.090,0.105
0.176,0.250,0.063,0.312,0.092,0.106
0.303,0.262,0.020,0.201,0.061,0.152
0.170,0.327,0.049,0.230,0.091,0.133
0.252,0.199,0.035,0.311,0.113,0.090
0.247,0.260,0.054,0.223,0.105,0.111
0.154,0.286,0.054,0.323,0.085,0.097
0.130,0.361,0.069,0.215,0.104,0.121
0.141,0.360,0.057,0.281,0.079,0.083
0.182,0.362,0.061,0.201,0.093,0.102
0.173,0.229,0.054,0.343,0.099,0.102
0.163,0.323,0.068,0.220,0.108,0.118
0.298,0.220,0.022,0.242,0.098,0.120
0.183,0.308,0.037,0.265,0.096,0.111
0.151,0.289,0.049,0.340,0.084,0.087
0.165,0.262,0.061,0.305,0.097,0.110
0.165,0.243,0.071,0.316,0.095,0.110
0.295,0.307,0.029,0.164,0.082,0.122
0.175,0.318,0.053,0.288,0.081,0.084
0.291,0.266,0.012,0.196,0.079,0.156
0.193,0.330,0.045,0.198,0.100,0.135
0.311,0.226,0.010,0.285,0.054,0.115
0.240,0.242,0.042,0.262,0.092,0.121
0.174,0.266,0.056,0.310,0.087,0.108
0.337,0.253,0.014,0.218,0.078,0.101
0.201,0.356,0.041,0.220,0.083,0.100
0.170,0.344,0.052,0.244,0.087,0.103
0.174,0.268,0.059,0.295,0.094,0.110
0.204,0.248,0.068,0.252,0.104,0.123
0.292,0.255,0.012,0.206,0.085,0.150
0.351,0.235,0.013,0.257,0.020,0.125
0.236,0.204,0.012,0.441,0.010,0.097
0.196,0.281,0.045,0.294,0.070,0.115
0.308,0.146,0.007,0.417,0.045,0.077
0.255,0.245,0.046,0.261,0.088,0.107
0.183,0.212,0.060,0.351,0.091,0.103
0.166,0.204,0.047,0.382,0.118,0.083
0.186,0.253,0.062,0.278,0.113,0.109
0.291,0.309,0.039,0.212,0.072,0.078
0.322,0.175,0.023,0.366,0.041,0.073
0.229,0.206,0.032,0.390,0.063,0.081
0.157,0.263,0.053,0.335,0.087,0.105
0.151,0.307,0.062,0.275,0.096,0.108
0.167,0.272,0.067,0.284,0.100,0.110
0.316,0.261,0.074,0.195,0.055,0.099
0.184,0.333,0.065,0.239,0.078,0.100
0.153,0.285,0.066,0.302,0.091,0.103
0.160,0.288,0.067,0.272,0.099,0.115
0.161,0.287,0.070,0.274,0.098,0.110
0.197,0.319,0.068,0.227,0.090,0.100
0.186,0.325,0.066,0.244,0.093,0.086
0.297,0.250,0.026,0.187,0.122,0.117
0.233,0.208,0.054,0.294,0.101,0.110
0.255,0.243,0.062,0.228,0.097,0.115
0.322,0.240,0.010,0.237,0.088,0.103
0.179,0.360,0.033,0.234,0.067,0.128
0.206,0.349,0.045,0.224,0.072,0.104
0.335,0.202,0.013,0.306,0.050,0.095
0.224,0.305,0.041,0.246,0.082,0.102
0.329,0.224,0.030,0.233,0.038,0.145
0.203,0.277,0.052,0.269,0.076,0.123
0.197,0.326,0.048,0.232,0.084,0.112
0.231,0.219,0.065,0.251,0.102,0.132
0.280,0.361,0.046,0.176,0.055,0.082
0.234,0.254,0.073,0.255,0.092,0.091
0.354,0.277,0.061,0.196,0.051,0.061
0.191,0.371,0.066,0.162,0.097,0.112
0.203,0.226,0.068,0.279,0.101,0.124
0.176,0.250,0.069,0.283,0.101,0.122
0.159,0.293,0.065,0.273,0.096,0.115
0.214,0.244,0.054,0.272,0.097,0.120
0.139,0.283,0.056,0.349,0.084,0.089
0.235,0.246,0.069,0.226,0.103,0.121
0.142,0.287,0.057,0.335,0.080,0.099
0.123,0.365,0.060,0.252,0.092,0.108
0.171,0.281,0.062,0.269,0.098,0.119
0.332,0.261,0.045,0.227,0.052,0.083
0.186,0.295,0.058,0.279,0.080,0.102
0.166,0.246,0.064,0.316,0.094,0.114
0.226,0.287,0.014,0.217,0.132,0.124
0.202,0.323,0.039,0.218,0.119,0.100
0.150,0.305,0.041,0.334,0.076,0.094
0.173,0.284,0.059,0.260,0.103,0.121
0.179,0.301,0.061,0.230,0.106,0.123
0.172,0.479,0.095,0.129,0.058,0.067
0.144,0.405,0.055,0.277,0.065,0.053
0.154,0.233,0.059,0.381,0.084,0.090
0.178,0.231,0.028,0.425,0.071,0.068
0.184,0.216,0.045,0.358,0.102,0.095
0.291,0.272,0.031,0.177,0.101,0.128
0.241,0.295,0.054,0.213,0.090,0.107
0.261,0.211,0.057,0.291,0.099,0.080
0.171,0.279,0.066,0.280,0.100,0.104
0.335,0.260,0.015,0.201,0.080,0.111
0.264,0.240,0.045,0.257,0.089,0.105
0.241,0.285,0.049,0.236,0.087,0.102
0.183,0.261,0.054,0.326,0.082,0.094
0.299,0.283,0.011,0.197,0.107,0.104
0.185,0.370,0.008,0.222,0.113,0.103
0.207,0.266,0.041,0.264,0.107,0.115
0.282,0.241,0.013,0.243,0.114,0.106
0.228,0.237,0.049,0.277,0.102,0.108
0.190,0.226,0.063,0.337,0.086,0.098
0.170,0.267,0.056,0.307,0.092,0.108
0.281,0.245,0.045,0.214,0.074,0.142
0.165,0.292,0.050,0.316,0.078,0.100
0.177,0.261,0.061,0.298,0.091,0.112
0.214,0.185,0.060,0.409,0.084,0.047
0.169,0.288,0.064,0.292,0.091,0.096
0.321,0.250,0.011,0.240,0.113,0.064
0.203,0.266,0.043,0.293,0.098,0.097
0.185,0.241,0.052,0.313,0.099,0.110
0.291,0.360,0.048,0.136,0.086,0.079
0.141,0.403,0.036,0.292,0.067,0.060
0.180,0.281,0.058,0.285,0.094,0.103
0.202,0.326,0.051,0.221,0.102,0.098
0.195,0.270,0.063,0.260,0.101,0.110
0.292,0.212,0.035,0.222,0.101,0.139
0.215,0.223,0.045,0.315,0.085,0.118
0.304,0.326,0.038,0.167,0.052,0.112
0.181,0.388,0.042,0.225,0.075,0.090
0.177,0.297,0.058,0.265,0.093,0.111
0.324,0.211,0.047,0.192,0.124,0.101
0.192,0.262,0.053,0.312,0.090,0.091
0.193,0.244,0.062,0.294,0.098,0.108
0.329,0.223,0.008,0.246,0.083,0.111
0.230,0.210,0.035,0.333,0.097,0.094
0.328,0.248,0.027,0.202,0.066,0.130
0.214,0.264,0.051,0.267,0.087,0.118
0.309,0.261,0.014,0.221,0.079,0.115
0.172,0.327,0.040,0.281,0.080,0.100
0.177,0.271,0.057,0.289,0.094,0.112
0.143,0.307,0.060,0.292,0.090,0.108
0.238,0.223,0.072,0.217,0.113,0.137
0.212,0.254,0.069,0.240,0.099,0.127
0.281,0.263,0.048,0.228,0.078,0.102
0.211,0.306,0.056,0.234,0.083,0.109
0.226,0.321,0.052,0.202,0.091,0.107
0.163,0.307,0.057,0.279,0.089,0.105
0.136,0.374,0.058,0.219,0.097,0.116
0.152,0.222,0.059,0.347,0.104,0.116
0.212,0.218,0.058,0.287,0.109,0.117
0.136,0.250,0.061,0.370,0.085,0.099
0.178,0.231,0.069,0.312,0.096,0.114
0.297,0.261,0.035,0.208,0.106,0.094
0.235,0.257,0.054,0.260,0.094,0.102
0.189,0.265,0.063,0.277,0.096,0.110
0.133,0.285,0.061,0.343,0.085,0.092
0.106,0.222,0.058,0.446,0.073,0.095
0.165,0.160,0.063,0.405,0.096,0.111
0.275,0.249,0.009,0.163,0.160,0.144
0.300,0.247,0.022,0.206,0.083,0.143
0.334,0.193,0.010,0.301,0.044,0.118
0.208,0.227,0.025,0.344,0.079,0.117
0.204,0.209,0.032,0.341,0.106,0.109
0.186,0.254,0.047,0.295,0.104,0.114
0.259,0.218,0.055,0.260,0.092,0.117
0.213,0.247,0.061,0.266,0.097,0.116
0.168,0.208,0.059,0.383,0.085,0.097
0.272,0.294,0.052,0.205,0.070,0.107
0.161,0.354,0.047,0.258,0.084,0.095
0.239,0.199,0.060,0.318,0.076,0.109
0.264,0.248,0.051,0.254,0.080,0.103
0.327,0.229,0.041,0.223,0.061,0.119
0.231,0.200,0.052,0.350,0.076,0.090
0.193,0.202,0.047,0.382,0.081,0.095
0.312,0.326,0.027,0.182,0.065,0.087
0.194,0.328,0.013,0.258,0.087,0.119
0.188,0.276,0.028,0.272,0.107,0.128
0.148,0.326,0.045,0.308,0.082,0.091
0.301,0.246,0.033,0.219,0.072,0.128
0.170,0.244,0.048,0.340,0.083,0.115
0.135,0.347,0.062,0.250,0.093,0.114
0.178,0.300,0.068,0.249,0.094,0.111
0.315,0.283,0.006,0.201,0.078,0.117
0.244,0.215,0.038,0.341,0.059,0.103
0.188,0.233,0.054,0.345,0.085,0.096
0.145,0.248,0.036,0.350,0.106,0.115
0.124,0.310,0.012,0.398,0.066,0.090
0.324,0.251,0.006,0.244,0.099,0.076
0.258,0.191,0.044,0.263,0.123,0.122
0.256,0.239,0.063,0.240,0.097,0.105
0.155,0.270,0.058,0.341,0.090,0.085
0.144,0.372,0.057,0.229,0.100,0.098
0.281,0.246,0.018,0.226,0.097,0.131
0.179,0.318,0.033,0.292,0.079,0.099
0.162,0.326,0.053,0.244,0.084,0.131
0.147,0.327,0.054,0.291,0.083,0.098
0.159,0.276,0.061,0.297,0.093,0.113
0.141,0.323,0.061,0.265,0.100,0.109
0.311,0.211,0.058,0.216,0.134,0.069
0.246,0.222,0.059,0.222,0.135,0.117
0.198,0.250,0.061,0.276,0.106,0.108
0.329,0.252,0.014,0.221,0.066,0.118
0.293,0.199,0.010,0.346,0.034,0.117
0.243,0.225,0.043,0.308,0.074,0.107
0.172,0.259,0.049,0.344,0.081,0.095
0.141,0.296,0.056,0.328,0.087,0.092
0.252,0.225,0.062,0.245,0.100,0.116
0.224,0.224,0.067,0.257,0.107,0.122
0.158,0.227,0.060,0.382,0.079,0.094
0.149,0.232,0.058,0.393,0.077,0.090
0.159,0.317,0.068,0.253,0.098,0.106
0.150,0.267,0.061,0.316,0.097,0.109
0.205,0.367,0.063,0.217,0.052,0.096
0.335,0.157,0.041,0.327,0.058,0.083
0.169,0.254,0.051,0.361,0.075,0.090
0.248,0.354,0.016,0.201,0.048,0.133
0.151,0.415,0.044,0.214,0.077,0.099
0.167,0.407,0.036,0.222,0.076,0.093
0.253,0.193,0.051,0.244,0.112,0.148
0.127,0.193,0.050,0.386,0.110,0.134
0.121,0.272,0.019,0.419,0.078,0.092
0.164,0.228,0.050,0.422,0.062,0.074
0.163,0.315,0.058,0.289,0.080,0.095
0.177,0.272,0.064,0.284,0.093,0.110
0.165,0.252,0.061,0.305,0.101,0.116
0.123,0.285,0.058,0.376,0.077,0.081
0.164,0.271,0.066,0.297,0.096,0.106
0.154,0.275,0.059,0.313,0.095,0.105
0.313,0.258,0.028,0.201,0.088,0.111
0.301,0.235,0.020,0.243,0.086,0.114
0.277,0.197,0.044,0.318,0.087,0.077
0.166,0.261,0.055,0.346,0.080,0.092
0.159,0.280,0.058,0.306,0.092,0.104
0.155,0.253,0.059,0.326,0.098,0.109
0.145,0.316,0.064,0.254,0.106,0.115
0.165,0.276,0.065,0.286,0.098,0.110
0.220,0.256,0.070,0.234,0.100,0.119
0.315,0.208,0.017,0.244,0.107,0.109
0.226,0.246,0.043,0.267,0.105,0.113
0.144,0.392,0.016,0.198,0.113,0.136
0.135,0.362,0.011,0.316,0.075,0.100
0.200,0.237,0.046,0.290,0.097,0.130
0.264,0.271,0.060,0.206,0.097,0.102
0.246,0.240,0.062,0.251,0.096,0.105
0.215,0.265,0.063,0.256,0.095,0.106
0.226,0.249,0.061,0.254,0.094,0.116
0.152,0.280,0.054,0.347,0.080,0.088
0.158,0.261,0.056,0.348,0.087,0.090
0.168,0.255,0.066,0.296,0.099,0.115
0.121,0.319,0.017,0.392,0.072,0.079
0.206,0.264,0.042,0.286,0.098,0.103
0.309,0.220,0.018,0.250,0.120,0.085
0.297,0.237,0.039,0.238,0.099,0.089
0.192,0.273,0.052,0.297,0.089,0.096
0.244,0.315,0.052,0.205,0.078,0.106
0.279,0.194,0.021,0.264,0.130,0.112
0.269,0.198,0.050,0.212,0.120,0.150
0.205,0.247,0.040,0.268,0.105,0.134
0.310,0.204,0.020,0.266,0.106,0.094
0.189,0.260,0.043,0.323,0.094,0.092
0.170,0.299,0.054,0.285,0.088,0.103
0.285,0.258,0.036,0.214,0.104,0.104
0.352,0.180,0.012,0.213,0.145,0.098
0.169,0.329,0.007,0.328,0.111,0.056
0.264,0.219,0.045,0.219,0.149,0.104
0.188,0.261,0.051,0.277,0.112,0.111
0.200,0.278,0.044,0.245,0.110,0.124
0.148,0.340,0.063,0.223,0.101,0.126
0.133,0.251,0.050,0.368,0.088,0.110
0.293,0.271,0.022,0.188,0.083,0.143
0.297,0.186,0.007,0.277,0.086,0.146
0.149,0.352,0.011,0.215,0.123,0.150
0.192,0.298,0.043,0.248,0.101,0.118
0.146,0.208,0.053,0.346,0.113,0.134
0.172,0.217,0.051,0.380,0.087,0.094
0.166,0.281,0.043,0.332,0.084,0.095
0.137,0.219,0.032,0.400,0.106,0.106
0.169,0.251,0.052,0.316,0.104,0.108
0.118,0.247,0.056,0.400,0.084,0.095
0.117,0.231,0.052,0.437,0.076,0.088
0.296,0.299,0.028,0.201,0.118,0.058
0.182,0.247,0.044,0.346,0.091,0.090
0.236,0.245,0.070,0.266,0.084,0.098
0.134,0.330,0.021,0.367,0.067,0.081
0.176,0.270,0.048,0.308,0.091,0.107
0.318,0.290,0.028,0.208,0.104,0.052
0.302,0.206,0.044,0.217,0.127,0.104
0.189,0.259,0.055,0.291,0.099,0.107
0.151,0.231,0.057,0.386,0.089,0.086
0.117,0.238,0.056,0.424,0.075,0.091
0.199,0.318,0.068,0.226,0.071,0.118
0.175,0.294,0.066,0.264,0.088,0.112
0.243,0.276,0.061,0.230,0.089,0.101
0.312,0.198,0.054,0.239,0.093,0.103
0.179,0.302,0.060,0.250,0.096,0.112
0.123,0.363,0.081,0.210,0.088,0.135
0.129,0.389,0.065,0.241,0.079,0.098
0.289,0.249,0.028,0.226,0.088,0.119
0.298,0.242,0.036,0.214,0.070,0.140
0.225,0.309,0.041,0.229,0.092,0.105
0.247,0.204,0.012,0.406,0.051,0.080
0.226,0.254,0.041,0.277,0.089,0.113
0.224,0.218,0.043,0.285,0.103,0.127
0.245,0.284,0.054,0.199,0.101,0.116
0.180,0.291,0.055,0.268,0.097,0.109
0.171,0.310,0.065,0.218,0.109,0.127
0.141,0.358,0.057,0.279,0.079,0.086
0.213,0.267,0.067,0.246,0.097,0.111
0.217,0.262,0.063,0.245,0.096,0.118
0.301,0.198,0.020,0.255,0.100,0.126
0.197,0.257,0.051,0.288,0.097,0.111
0.214,0.259,0.065,0.253,0.095,0.114
0.256,0.284,0.066,0.213,0.073,0.108
0.304,0.238,0.008,0.259,0.067,0.123
0.247,0.250,0.035,0.273,0.089,0.107
0.191,0.270,0.052,0.281,0.096,0.110
0.240,0.307,0.020,0.220,0.105,0.107
0.296,0.253,0.002,0.253,0.094,0.102
0.186,0.272,0.038,0.292,0.100,0.111
0.177,0.240,0.056,0.307,0.103,0.117
0.129,0.320,0.061,0.285,0.107,0.097
0.160,0.329,0.063,0.234,0.103,0.111
0.184,0.283,0.050,0.255,0.106,0.123
0.164,0.352,0.059,0.230,0.086,0.108
0.312,0.167,0.018,0.307,0.074,0.121
0.213,0.258,0.050,0.276,0.091,0.112
0.262,0.232,0.061,0.238,0.098,0.109
0.293,0.270,0.035,0.223,0.076,0.103
0.181,0.301,0.048,0.287,0.083,0.099
0.323,0.247,0.030,0.225,0.095,0.080
0.233,0.241,0.036,0.252,0.116,0.122
0.180,0.275,0.052,0.288,0.094,0.112
0.215,0.254,0.060,0.254,0.099,0.118
0.310,0.307,0.011,0.193,0.052,0.127
0.285,0.187,0.043,0.246,0.089,0.150
0.149,0.221,0.015,0.409,0.094,0.112
0.165,0.244,0.020,0.398,0.081,0.091
0.162,0.234,0.050,0.362,0.090,0.103
0.234,0.231,0.069,0.222,0.114,0.130
0.171,0.264,0.053,0.311,0.091,0.111
0.132,0.282,0.059,0.345,0.083,0.100
0.157,0.260,0.062,0.317,0.095,0.109
0.148,0.233,0.067,0.324,0.107,0.121
0.154,0.279,0.064,0.293,0.097,0.113
0.311,0.220,0.016,0.235,0.080,0.138
0.155,0.345,0.042,0.213,0.117,0.127
0.173,0.343,0.051,0.240,0.093,0.099
0.187,0.324,0.059,0.245,0.086,0.100
0.182,0.273,0.065,0.274,0.095,0.111
0.301,0.223,0.050,0.240,0.065,0.121
0.292,0.179,0.045,0.216,0.115,0.153
0.198,0.251,0.059,0.271,0.101,0.120
0.284,0.232,0.011,0.201,0.122,0.151
0.150,0.341,0.037,0.285,0.088,0.100
0.140,0.349,0.051,0.238,0.097,0.126
0.156,0.318,0.059,0.273,0.090,0.104
0.140,0.201,0.061,0.425,0.081,0.093
0.138,0.254,0.037,0.444,0.060,0.067
0.152,0.212,0.052,0.413,0.079,0.091
0.157,0.351,0.056,0.265,0.079,0.091
0.300,0.327,0.013,0.207,0.076,0.078
0.182,0.374,0.031,0.243,0.079,0.091
0.316,0.218,0.016,0.282,0.102,0.066
0.194,0.171,0.036,0.375,0.120,0.104
0.148,0.236,0.049,0.377,0.091,0.099
0.153,0.262,0.027,0.415,0.063,0.080
0.145,0.219,0.045,0.424,0.076,0.091
0.193,0.283,0.058,0.239,0.104,0.122
0.190,0.260,0.063,0.272,0.100,0.116
0.149,0.284,0.058,0.329,0.088,0.092
0.196,0.252,0.072,0.265,0.102,0.114
0.136,0.284,0.046,0.359,0.084,0.090
0.149,0.260,0.061,0.315,0.101,0.114
0.179,0.252,0.054,0.368,0.068,0.079
0.138,0.334,0.058,0.301,0.081,0.088
0.232,0.241,0.061,0.264,0.093,0.110
0.150,0.290,0.061,0.312,0.086,0.100
0.237,0.256,0.060,0.232,0.096,0.120
0.217,0.278,0.064,0.228,0.095,0.118
0.264,0.183,0.069,0.272,0.100,0.111
0.312,0.250,0.033,0.206,0.069,0.130
0.239,0.239,0.054,0.260,0.090,0.119
0.164,0.355,0.062,0.223,0.097,0.099
0.166,0.379,0.053,0.265,0.061,0.075
0.161,0.343,0.057,0.274,0.080,0.086
0.159,0.314,0.051,0.290,0.087,0.100
0.250,0.232,0.066,0.273,0.086,0.092
0.167,0.216,0.057,0.391,0.080,0.088
0.173,0.245,0.063,0.322,0.092,0.105
0.152,0.271,0.064,0.326,0.089,0.098
0.318,0.261,0.018,0.182,0.055,0.166
0.193,0.291,0.047,0.258,0.087,0.123
0.168,0.304,0.034,0.280,0.097,0.117
0.183,0.352,0.052,0.240,0.085,0.088
0.301,0.211,0.025,0.328,0.071,0.064
0.221,0.235,0.053,0.298,0.094,0.100
0.177,0.248,0.063,0.305,0.100,0.109
0.306,0.292,0.016,0.152,0.113,0.121
0.162,0.353,0.034,0.258,0.092,0.101
0.190,0.325,0.041,0.255,0.089,0.101
0.157,0.494,0.076,0.155,0.075,0.042
0.238,0.263,0.061,0.269,0.078,0.091
0.221,0.204,0.030,0.386,0.070,0.088
0.254,0.253,0.056,0.227,0.095,0.114
0.242,0.269,0.058,0.243,0.079,0.109
0.160,0.212,0.070,0.353,0.086,0.119
0.162,0.284,0.074,0.259,0.100,0.121
0.203,0.233,0.066,0.273,0.100,0.125
0.187,0.237,0.055,0.337,0.087,0.098
0.152,0.265,0.060,0.331,0.091,0.101
0.168,0.310,0.063,0.274,0.091,0.094
0.194,0.233,0.067,0.310,0.096,0.099
0.310,0.271,0.044,0.166,0.128,0.080
0.285,0.226,0.007,0.248,0.134,0.100
0.183,0.330,0.025,0.247,0.110,0.104
0.195,0.255,0.049,0.277,0.108,0.116
0.173,0.281,0.059,0.275,0.099,0.112
0.296,0.224,0.016,0.201,0.133,0.131
0.215,0.227,0.042,0.288,0.110,0.118
0.231,0.215,0.054,0.297,0.095,0.108
0.201,0.197,0.060,0.335,0.106,0.101
0.181,0.229,0.064,0.323,0.097,0.106
0.164,0.311,0.067,0.265,0.091,0.102
0.177,0.308,0.067,0.252,0.094,0.102
0.135,0.223,0.076,0.344,0.098,0.125
0.143,0.228,0.067,0.384,0.085,0.093
0.108,0.249,0.056,0.427,0.078,0.082
0.155,0.215,0.040,0.448,0.058,0.085
0.169,0.260,0.057,0.328,0.085,0.101
0.290,0.256,0.031,0.211,0.104,0.107
0.204,0.344,0.036,0.268,0.060,0.088
0.218,0.248,0.049,0.304,0.083,0.098
0.195,0.189,0.050,0.417,0.078,0.071
0.150,0.241,0.059,0.369,0.087,0.094
0.185,0.247,0.064,0.295,0.097,0.113
0.200,0.253,0.069,0.259,0.102,0.116
0.162,0.280,0.056,0.322,0.085,0.095
0.164,0.285,0.065,0.289,0.093,0.104
0.127,0.299,0.058,0.348,0.082,0.086
0.251,0.373,0.016,0.186,0.070,0.104
0.278,0.262,0.047,0.218,0.088,0.108
0.279,0.217,0.066,0.198,0.104,0.136
0.158,0.302,0.063,0.258,0.106,0.112
0.169,0.225,0.062,0.342,0.105,0.098
0.135,0.275,0.062,0.332,0.093,0.102
0.142,0.340,0.054,0.281,0.085,0.098
0.140,0.208,0.071,0.353,0.100,0.127
0.190,0.219,0.063,0.396,0.063,0.069
0.165,0.218,0.058,0.388,0.080,0.091
0.293,0.321,0.043,0.183,0.035,0.125
0.171,0.406,0.054,0.207,0.067,0.096
0.189,0.333,0.062,0.224,0.088,0.105
0.272,0.180,0.052,0.224,0.121,0.152
0.215,0.227,0.060,0.274,0.104,0.119
0.158,0.231,0.062,0.364,0.090,0.095
0.169,0.253,0.068,0.304,0.101,0.104
0.119,0.289,0.063,0.356,0.082,0.090
0.168,0.286,0.062,0.283,0.095,0.106
0.213,0.226,0.062,0.285,0.101,0.113
0.148,0.196,0.054,0.391,0.105,0.106
0.123,0.211,0.055,0.442,0.077,0.093
0.149,0.362,0.072,0.240,0.062,0.116
0.185,0.241,0.029,0.376,0.063,0.107
0.184,0.256,0.053,0.301,0.091,0.115
0.226,0.275,0.058,0.243,0.087,0.111
0.160,0.224,0.063,0.318,0.108,0.126
0.145,0.271,0.061,0.321,0.096,0.107
0.191,0.372,0.043,0.236,0.072,0.086
0.199,0.251,0.062,0.266,0.103,0.120
0.334,0.210,0.025,0.216,0.099,0.116
0.199,0.307,0.047,0.256,0.092,0.099
0.200,0.325,0.047,0.248,0.084,0.097
0.142,0.358,0.055,0.275,0.081,0.090
0.167,0.282,0.061,0.300,0.087,0.103
0.315,0.250,0.053,0.239,0.074,0.068
0.229,0.202,0.007,0.421,0.043,0.098
0.195,0.260,0.042,0.305,0.087,0.111
0.258,0.169,0.057,0.302,0.100,0.114
0.199,0.235,0.062,0.284,0.105,0.114
0.316,0.284,0.058,0.181,0.072,0.090
0.192,0.290,0.063,0.263,0.087,0.104
0.126,0.379,0.062,0.237,0.092,0.104
0.138,0.290,0.062,0.329,0.090,0.092
0.151,0.300,0.066,0.280,0.094,0.108
0.182,0.231,0.052,0.355,0.082,0.098
0.209,0.232,0.068,0.272,0.103,0.116
0.211,0.212,0.055,0.333,0.087,0.101
0.156,0.232,0.065,0.343,0.093,0.110
0.173,0.223,0.058,0.338,0.095,0.113
0.174,0.351,0.066,0.222,0.088,0.098
0.208,0.242,0.072,0.250,0.104,0.125
0.141,0.268,0.060,0.354,0.085,0.092
0.160,0.302,0.066,0.263,0.100,0.110
0.166,0.250,0.056,0.317,0.095,0.115
0.171,0.262,0.045,0.298,0.114,0.110
0.166,0.249,0.052,0.310,0.107,0.116
0.168,0.350,0.058,0.240,0.097,0.086
0.205,0.248,0.039,0.309,0.078,0.121
0.263,0.139,0.012,0.419,0.042,0.125
0.187,0.253,0.045,0.317,0.084,0.115
0.158,0.304,0.056,0.260,0.101,0.120
0.170,0.342,0.040,0.223,0.103,0.122
0.170,0.298,0.058,0.254,0.103,0.116
0.292,0.203,0.054,0.260,0.082,0.108
0.149,0.228,0.042,0.352,0.100,0.130
0.171,0.232,0.052,0.369,0.081,0.095
0.242,0.209,0.071,0.250,0.105,0.123
0.148,0.222,0.024,0.396,0.102,0.108
